0.0 0.0
4.01429087552e-05 0.00280898876404
9.03215446991e-05 0.00561797752809
0.000180643089398 0.00842696629213
0.000281000361286 0.0112359550562
0.000893179719802 0.0224719101124
0.00108385853639 0.0252808988764
0.00128457308017 0.0280898876404
0.0016157520774 0.0308988764045
0.00370318333266 0.0393258426966
0.00448597005339 0.0421348314607
0.00704508048653 0.0505617977528
0.00811890329573 0.0533707865169
0.0093131548312 0.0561797752809
0.0166492714062 0.0730337078652
0.0218778852716 0.0842696629213
0.0762414194533 0.188202247191
0.0777668499859 0.191011235955
0.0978182329092 0.227528089888
0.110643892256 0.247191011236
0.118311187829 0.258426966292
0.122827265064 0.26404494382
0.426297619526 0.587078651685
0.429017301594 0.589887640449
0.724308538397 0.873595505618
0.730881939705 0.879213483146
0.74121873871 0.887640449438
0.748153426197 0.893258426966
0.75178635944 0.89606741573
0.765475091325 0.904494382022
0.816617157079 0.932584269663
0.870619405082 0.960674157303
0.930552767854 0.991573033708
0.936805025892 0.994382022472
0.958361767894 1.0
1.0 1.0
