Time, GoodsNb, price, CustoNb, PosX_cust, PosY_cust, PosX_stor, PosY_stor, Dist
1, 0, 0.25, 0, 59, 55, 87, 82, 98.1988
1, 0, 0.25, 1, 62, 34, 87, 82, 90.4544
1, 0, 0.25, 2, 87, 31, 87, 82, 100.553
1, 0, 0.25, 3, 10, 92, 87, 82, 91.7279
1, 0, 0.25, 4, 69, 55, 87, 82, 102.533
1, 0, 0.25, 5, 9, 87, 87, 82, 88.9775
1, 0, 0.25, 6, 92, 66, 87, 82, 115.827
1, 0, 0.25, 7, 92, 94, 87, 82, 125.348
1, 0, 0.25, 8, 33, 80, 87, 82, 97.1133
1, 0, 0.25, 9, 97, 88, 87, 82, 125.12
2, 0, 0.25, 0, 59, 55, 87, 82, 98.1988
2, 0, 0.25, 1, 62, 34, 87, 82, 90.4544
2, 0, 0.25, 2, 87, 31, 87, 82, 100.553
2, 0, 0.25, 3, 10, 92, 87, 82, 91.7279
2, 0, 0.25, 4, 69, 55, 87, 82, 102.533
2, 0, 0.25, 5, 9, 87, 87, 82, 88.9775
2, 0, 0.25, 6, 92, 66, 87, 82, 115.827
2, 0, 0.25, 7, 92, 94, 87, 82, 125.348
2, 0, 0.25, 8, 33, 80, 87, 82, 97.1133
2, 0, 0.25, 9, 97, 88, 87, 82, 125.12
3, 0, 0.25, 0, 59, 55, 87, 82, 98.1988
3, 0, 0.25, 1, 62, 34, 87, 82, 90.4544
3, 0, 0.25, 2, 87, 31, 87, 82, 100.553
3, 0, 0.25, 3, 10, 92, 87, 82, 91.7279
3, 0, 0.25, 4, 69, 55, 87, 82, 102.533
3, 0, 0.25, 5, 9, 87, 87, 82, 88.9775
3, 0, 0.25, 6, 92, 66, 87, 82, 115.827
3, 0, 0.25, 7, 92, 94, 87, 82, 125.348
3, 0, 0.25, 8, 33, 80, 87, 82, 97.1133
3, 0, 0.25, 9, 97, 88, 87, 82, 125.12
4, 0, 0.25, 0, 59, 55, 87, 82, 98.1988
4, 0, 0.25, 1, 62, 34, 87, 82, 90.4544
4, 0, 0.25, 2, 87, 31, 87, 82, 100.553
4, 0, 0.25, 3, 10, 92, 87, 82, 91.7279
4, 0, 0.25, 4, 69, 55, 87, 82, 102.533
4, 0, 0.25, 5, 9, 87, 87, 82, 88.9775
4, 0, 0.25, 6, 92, 66, 87, 82, 115.827
4, 0, 0.25, 7, 92, 94, 87, 82, 125.348
4, 0, 0.25, 8, 33, 80, 87, 82, 97.1133
4, 0, 0.25, 9, 97, 88, 87, 82, 125.12
5, 0, 0.25, 0, 59, 55, 87, 82, 98.1988
5, 0, 0.25, 1, 62, 34, 87, 82, 90.4544
5, 0, 0.25, 2, 87, 31, 87, 82, 100.553
5, 0, 0.25, 3, 10, 92, 87, 82, 91.7279
5, 0, 0.25, 4, 69, 55, 87, 82, 102.533
5, 0, 0.25, 5, 9, 87, 87, 82, 88.9775
5, 0, 0.25, 6, 92, 66, 87, 82, 115.827
5, 0, 0.25, 7, 92, 94, 87, 82, 125.348
5, 0, 0.25, 8, 33, 80, 87, 82, 97.1133
5, 0, 0.25, 9, 97, 88, 87, 82, 125.12
6, 0, 0.25, 0, 59, 55, 87, 82, 98.1988
6, 0, 0.25, 1, 62, 34, 87, 82, 90.4544
6, 0, 0.25, 2, 87, 31, 87, 82, 100.553
6, 0, 0.25, 3, 10, 92, 87, 82, 91.7279
6, 0, 0.25, 4, 69, 55, 87, 82, 102.533
6, 0, 0.25, 5, 9, 87, 87, 82, 88.9775
6, 0, 0.25, 6, 92, 66, 87, 82, 115.827
6, 0, 0.25, 7, 92, 94, 87, 82, 125.348
6, 0, 0.25, 8, 33, 80, 87, 82, 97.1133
6, 0, 0.25, 9, 97, 88, 87, 82, 125.12
7, 0, 0.25, 0, 59, 55, 87, 82, 98.1988
7, 0, 0.25, 1, 62, 34, 87, 82, 90.4544
7, 0, 0.25, 2, 87, 31, 87, 82, 100.553
7, 0, 0.25, 3, 10, 92, 87, 82, 91.7279
7, 0, 0.25, 4, 69, 55, 87, 82, 102.533
7, 0, 0.25, 5, 9, 87, 87, 82, 88.9775
7, 0, 0.25, 6, 92, 66, 87, 82, 115.827
7, 0, 0.25, 7, 92, 94, 87, 82, 125.348
7, 0, 0.25, 8, 33, 80, 87, 82, 97.1133
7, 0, 0.25, 9, 97, 88, 87, 82, 125.12
8, 0, 0.25, 0, 59, 55, 87, 82, 98.1988
8, 0, 0.25, 1, 62, 34, 87, 82, 90.4544
8, 0, 0.25, 2, 87, 31, 87, 82, 100.553
8, 0, 0.25, 3, 10, 92, 87, 82, 91.7279
8, 0, 0.25, 4, 69, 55, 87, 82, 102.533
8, 0, 0.25, 5, 9, 87, 87, 82, 88.9775
8, 0, 0.25, 6, 92, 66, 87, 82, 115.827
8, 0, 0.25, 7, 92, 94, 87, 82, 125.348
8, 0, 0.25, 8, 33, 80, 87, 82, 97.1133
8, 0, 0.25, 9, 97, 88, 87, 82, 125.12
9, 0, 0.25, 0, 59, 55, 87, 82, 98.1988
9, 0, 0.25, 1, 62, 34, 87, 82, 90.4544
9, 0, 0.25, 2, 87, 31, 87, 82, 100.553
9, 0, 0.25, 3, 10, 92, 87, 82, 91.7279
9, 0, 0.25, 4, 69, 55, 87, 82, 102.533
9, 0, 0.25, 5, 9, 87, 87, 82, 88.9775
9, 0, 0.25, 6, 92, 66, 87, 82, 115.827
9, 0, 0.25, 7, 92, 94, 87, 82, 125.348
9, 0, 0.25, 8, 33, 80, 87, 82, 97.1133
9, 0, 0.25, 9, 97, 88, 87, 82, 125.12
10, 0, 0.25, 0, 59, 55, 87, 82, 98.1988
10, 0, 0.25, 1, 62, 34, 87, 82, 90.4544
10, 0, 0.25, 2, 87, 31, 87, 82, 100.553
10, 0, 0.25, 3, 10, 92, 87, 82, 91.7279
10, 0, 0.25, 4, 69, 55, 87, 82, 102.533
10, 0, 0.25, 5, 9, 87, 87, 82, 88.9775
10, 0, 0.25, 6, 92, 66, 87, 82, 115.827
10, 0, 0.25, 7, 92, 94, 87, 82, 125.348
10, 0, 0.25, 8, 33, 80, 87, 82, 97.1133
10, 0, 0.25, 9, 97, 88, 87, 82, 125.12
11, 0, 0.25, 0, 59, 55, 87, 82, 98.1988
11, 0, 0.25, 1, 62, 34, 87, 82, 90.4544
11, 0, 0.25, 2, 87, 31, 87, 82, 100.553
11, 0, 0.25, 3, 10, 92, 87, 82, 91.7279
11, 0, 0.25, 4, 69, 55, 87, 82, 102.533
11, 0, 0.25, 5, 9, 87, 87, 82, 88.9775
11, 0, 0.25, 6, 92, 66, 87, 82, 115.827
11, 0, 0.25, 7, 92, 94, 87, 82, 125.348
11, 0, 0.25, 8, 33, 80, 87, 82, 97.1133
11, 0, 0.25, 9, 97, 88, 87, 82, 125.12
12, 0, 0.25, 0, 59, 55, 87, 82, 98.1988
12, 0, 0.25, 1, 62, 34, 87, 82, 90.4544
12, 0, 0.25, 2, 87, 31, 87, 82, 100.553
12, 0, 0.25, 3, 10, 92, 87, 82, 91.7279
12, 0, 0.25, 4, 69, 55, 87, 82, 102.533
12, 0, 0.25, 5, 9, 87, 87, 82, 88.9775
12, 0, 0.25, 6, 92, 66, 87, 82, 115.827
12, 0, 0.25, 7, 92, 94, 87, 82, 125.348
12, 0, 0.25, 8, 33, 80, 87, 82, 97.1133
12, 0, 0.25, 9, 97, 88, 87, 82, 125.12
13, 0, 0.25, 0, 59, 55, 87, 82, 98.1988
13, 0, 0.25, 1, 62, 34, 87, 82, 90.4544
13, 0, 0.25, 2, 87, 31, 87, 82, 100.553
13, 0, 0.25, 3, 10, 92, 87, 82, 91.7279
13, 0, 0.25, 4, 69, 55, 87, 82, 102.533
13, 0, 0.25, 5, 9, 87, 87, 82, 88.9775
13, 0, 0.25, 6, 92, 66, 87, 82, 115.827
13, 0, 0.25, 7, 92, 94, 87, 82, 125.348
13, 0, 0.25, 8, 33, 80, 87, 82, 97.1133
13, 0, 0.25, 9, 97, 88, 87, 82, 125.12
14, 0, 0.25, 0, 59, 55, 87, 82, 98.1988
14, 0, 0.25, 1, 62, 34, 87, 82, 90.4544
14, 0, 0.25, 2, 87, 31, 87, 82, 100.553
14, 0, 0.25, 3, 10, 92, 87, 82, 91.7279
14, 0, 0.25, 4, 69, 55, 87, 82, 102.533
14, 0, 0.25, 5, 9, 87, 87, 82, 88.9775
14, 0, 0.25, 6, 92, 66, 87, 82, 115.827
14, 0, 0.25, 7, 92, 94, 87, 82, 125.348
14, 0, 0.25, 8, 33, 80, 87, 82, 97.1133
14, 0, 0.25, 9, 97, 88, 87, 82, 125.12
15, 0, 0.25, 0, 59, 55, 87, 82, 98.1988
15, 0, 0.25, 1, 62, 34, 87, 82, 90.4544
15, 0, 0.25, 2, 87, 31, 87, 82, 100.553
15, 0, 0.25, 3, 10, 92, 87, 82, 91.7279
15, 0, 0.25, 4, 69, 55, 87, 82, 102.533
15, 0, 0.25, 5, 9, 87, 87, 82, 88.9775
15, 0, 0.25, 6, 92, 66, 87, 82, 115.827
15, 0, 0.25, 7, 92, 94, 87, 82, 125.348
15, 0, 0.25, 8, 33, 80, 87, 82, 97.1133
15, 0, 0.25, 9, 97, 88, 87, 82, 125.12
16, 0, 0.25, 0, 59, 55, 87, 82, 98.1988
16, 0, 0.25, 1, 62, 34, 87, 82, 90.4544
16, 0, 0.25, 2, 87, 31, 87, 82, 100.553
16, 0, 0.25, 3, 10, 92, 87, 82, 91.7279
16, 0, 0.25, 4, 69, 55, 87, 82, 102.533
16, 0, 0.25, 5, 9, 87, 87, 82, 88.9775
16, 0, 0.25, 6, 92, 66, 87, 82, 115.827
16, 0, 0.25, 7, 92, 94, 87, 82, 125.348
16, 0, 0.25, 8, 33, 80, 87, 82, 97.1133
16, 0, 0.25, 9, 97, 88, 87, 82, 125.12
17, 0, 0.25, 0, 59, 55, 87, 82, 98.1988
17, 0, 0.25, 1, 62, 34, 87, 82, 90.4544
17, 0, 0.25, 2, 87, 31, 87, 82, 100.553
17, 0, 0.25, 3, 10, 92, 87, 82, 91.7279
17, 0, 0.25, 4, 69, 55, 87, 82, 102.533
17, 0, 0.25, 5, 9, 87, 87, 82, 88.9775
17, 0, 0.25, 6, 92, 66, 87, 82, 115.827
17, 0, 0.25, 7, 92, 94, 87, 82, 125.348
17, 0, 0.25, 8, 33, 80, 87, 82, 97.1133
17, 0, 0.25, 9, 97, 88, 87, 82, 125.12
18, 0, 0.25, 0, 59, 55, 87, 82, 98.1988
18, 0, 0.25, 1, 62, 34, 87, 82, 90.4544
18, 0, 0.25, 2, 87, 31, 87, 82, 100.553
18, 0, 0.25, 3, 10, 92, 87, 82, 91.7279
18, 0, 0.25, 4, 69, 55, 87, 82, 102.533
18, 0, 0.25, 5, 9, 87, 87, 82, 88.9775
18, 0, 0.25, 6, 92, 66, 87, 82, 115.827
18, 0, 0.25, 7, 92, 94, 87, 82, 125.348
18, 0, 0.25, 8, 33, 80, 87, 82, 97.1133
18, 0, 0.25, 9, 97, 88, 87, 82, 125.12
19, 0, 0.25, 0, 59, 55, 87, 82, 98.1988
19, 0, 0.25, 1, 62, 34, 87, 82, 90.4544
19, 0, 0.25, 2, 87, 31, 87, 82, 100.553
19, 0, 0.25, 3, 10, 92, 87, 82, 91.7279
19, 0, 0.25, 4, 69, 55, 87, 82, 102.533
19, 0, 0.25, 5, 9, 87, 87, 82, 88.9775
19, 0, 0.25, 6, 92, 66, 87, 82, 115.827
19, 0, 0.25, 7, 92, 94, 87, 82, 125.348
19, 0, 0.25, 8, 33, 80, 87, 82, 97.1133
19, 0, 0.25, 9, 97, 88, 87, 82, 125.12
20, 0, 0.25, 0, 59, 55, 87, 82, 98.1988
20, 0, 0.25, 1, 62, 34, 87, 82, 90.4544
20, 0, 0.25, 2, 87, 31, 87, 82, 100.553
20, 0, 0.25, 3, 10, 92, 87, 82, 91.7279
20, 0, 0.25, 4, 69, 55, 87, 82, 102.533
20, 0, 0.25, 5, 9, 87, 87, 82, 88.9775
20, 0, 0.25, 6, 92, 66, 87, 82, 115.827
20, 0, 0.25, 7, 92, 94, 87, 82, 125.348
20, 0, 0.25, 8, 33, 80, 87, 82, 97.1133
20, 0, 0.25, 9, 97, 88, 87, 82, 125.12
21, 0, 0.25, 0, 59, 55, 87, 82, 98.1988
21, 0, 0.25, 1, 62, 34, 87, 82, 90.4544
21, 0, 0.25, 2, 87, 31, 87, 82, 100.553
21, 0, 0.25, 3, 10, 92, 87, 82, 91.7279
21, 0, 0.25, 4, 69, 55, 87, 82, 102.533
21, 0, 0.25, 5, 9, 87, 87, 82, 88.9775
21, 0, 0.25, 6, 92, 66, 87, 82, 115.827
21, 0, 0.25, 7, 92, 94, 87, 82, 125.348
21, 0, 0.25, 8, 33, 80, 87, 82, 97.1133
21, 0, 0.25, 9, 97, 88, 87, 82, 125.12
22, 0, 0.25, 0, 59, 55, 87, 82, 98.1988
22, 0, 0.25, 1, 62, 34, 87, 82, 90.4544
22, 0, 0.25, 2, 87, 31, 87, 82, 100.553
22, 0, 0.25, 3, 10, 92, 87, 82, 91.7279
22, 0, 0.25, 4, 69, 55, 87, 82, 102.533
22, 0, 0.25, 5, 9, 87, 87, 82, 88.9775
22, 0, 0.25, 6, 92, 66, 87, 82, 115.827
22, 0, 0.25, 7, 92, 94, 87, 82, 125.348
22, 0, 0.25, 8, 33, 80, 87, 82, 97.1133
22, 0, 0.25, 9, 97, 88, 87, 82, 125.12
23, 0, 0.25, 0, 59, 55, 87, 82, 98.1988
23, 0, 0.25, 1, 62, 34, 87, 82, 90.4544
23, 0, 0.25, 2, 87, 31, 87, 82, 100.553
23, 0, 0.25, 3, 10, 92, 87, 82, 91.7279
23, 0, 0.25, 4, 69, 55, 87, 82, 102.533
23, 0, 0.25, 5, 9, 87, 87, 82, 88.9775
23, 0, 0.25, 6, 92, 66, 87, 82, 115.827
23, 0, 0.25, 7, 92, 94, 87, 82, 125.348
23, 0, 0.25, 8, 33, 80, 87, 82, 97.1133
23, 0, 0.25, 9, 97, 88, 87, 82, 125.12
24, 0, 0.25, 0, 59, 55, 87, 82, 98.1988
24, 0, 0.25, 1, 62, 34, 87, 82, 90.4544
24, 0, 0.25, 2, 87, 31, 87, 82, 100.553
24, 0, 0.25, 3, 10, 92, 87, 82, 91.7279
24, 0, 0.25, 4, 69, 55, 87, 82, 102.533
24, 0, 0.25, 5, 9, 87, 87, 82, 88.9775
24, 0, 0.25, 6, 92, 66, 87, 82, 115.827
24, 0, 0.25, 7, 92, 94, 87, 82, 125.348
24, 0, 0.25, 8, 33, 80, 87, 82, 97.1133
24, 0, 0.25, 9, 97, 88, 87, 82, 125.12
25, 0, 0.25, 0, 59, 55, 87, 82, 98.1988
25, 0, 0.25, 1, 62, 34, 87, 82, 90.4544
25, 0, 0.25, 2, 87, 31, 87, 82, 100.553
25, 0, 0.25, 3, 10, 92, 87, 82, 91.7279
25, 0, 0.25, 4, 69, 55, 87, 82, 102.533
25, 0, 0.25, 5, 9, 87, 87, 82, 88.9775
25, 0, 0.25, 6, 92, 66, 87, 82, 115.827
25, 0, 0.25, 7, 92, 94, 87, 82, 125.348
25, 0, 0.25, 8, 33, 80, 87, 82, 97.1133
25, 0, 0.25, 9, 97, 88, 87, 82, 125.12
26, 0, 0.25, 0, 59, 55, 87, 82, 98.1988
26, 0, 0.25, 1, 62, 34, 87, 82, 90.4544
26, 0, 0.25, 2, 87, 31, 87, 82, 100.553
26, 0, 0.25, 3, 10, 92, 87, 82, 91.7279
26, 0, 0.25, 4, 69, 55, 87, 82, 102.533
26, 0, 0.25, 5, 9, 87, 87, 82, 88.9775
26, 0, 0.25, 6, 92, 66, 87, 82, 115.827
26, 0, 0.25, 7, 92, 94, 87, 82, 125.348
26, 0, 0.25, 8, 33, 80, 87, 82, 97.1133
26, 0, 0.25, 9, 97, 88, 87, 82, 125.12
27, 0, 0.25, 0, 59, 55, 87, 82, 98.1988
27, 0, 0.25, 1, 62, 34, 87, 82, 90.4544
27, 0, 0.25, 2, 87, 31, 87, 82, 100.553
27, 0, 0.25, 3, 10, 92, 87, 82, 91.7279
27, 0, 0.25, 4, 69, 55, 87, 82, 102.533
27, 0, 0.25, 5, 9, 87, 87, 82, 88.9775
27, 0, 0.25, 6, 92, 66, 87, 82, 115.827
27, 0, 0.25, 7, 92, 94, 87, 82, 125.348
27, 0, 0.25, 8, 33, 80, 87, 82, 97.1133
27, 0, 0.25, 9, 97, 88, 87, 82, 125.12
28, 0, 0.25, 0, 59, 55, 87, 82, 98.1988
28, 0, 0.25, 1, 62, 34, 87, 82, 90.4544
28, 0, 0.25, 2, 87, 31, 87, 82, 100.553
28, 0, 0.25, 3, 10, 92, 87, 82, 91.7279
28, 0, 0.25, 4, 69, 55, 87, 82, 102.533
28, 0, 0.25, 5, 9, 87, 87, 82, 88.9775
28, 0, 0.25, 6, 92, 66, 87, 82, 115.827
28, 0, 0.25, 7, 92, 94, 87, 82, 125.348
28, 0, 0.25, 8, 33, 80, 87, 82, 97.1133
28, 0, 0.25, 9, 97, 88, 87, 82, 125.12
29, 0, 0.25, 0, 59, 55, 87, 82, 98.1988
29, 0, 0.25, 1, 62, 34, 87, 82, 90.4544
29, 0, 0.25, 2, 87, 31, 87, 82, 100.553
29, 0, 0.25, 3, 10, 92, 87, 82, 91.7279
29, 0, 0.25, 4, 69, 55, 87, 82, 102.533
29, 0, 0.25, 5, 9, 87, 87, 82, 88.9775
29, 0, 0.25, 6, 92, 66, 87, 82, 115.827
29, 0, 0.25, 7, 92, 94, 87, 82, 125.348
29, 0, 0.25, 8, 33, 80, 87, 82, 97.1133
29, 0, 0.25, 9, 97, 88, 87, 82, 125.12
30, 0, 0.25, 0, 59, 55, 87, 82, 98.1988
30, 0, 0.25, 1, 62, 34, 87, 82, 90.4544
30, 0, 0.25, 2, 87, 31, 87, 82, 100.553
30, 0, 0.25, 3, 10, 92, 87, 82, 91.7279
30, 0, 0.25, 4, 69, 55, 87, 82, 102.533
30, 0, 0.25, 5, 9, 87, 87, 82, 88.9775
30, 0, 0.25, 6, 92, 66, 87, 82, 115.827
30, 0, 0.25, 7, 92, 94, 87, 82, 125.348
30, 0, 0.25, 8, 33, 80, 87, 82, 97.1133
30, 0, 0.25, 9, 97, 88, 87, 82, 125.12
31, 0, 0.25, 0, 59, 55, 87, 82, 98.1988
31, 0, 0.25, 1, 62, 34, 87, 82, 90.4544
31, 0, 0.25, 2, 87, 31, 87, 82, 100.553
31, 0, 0.25, 3, 10, 92, 87, 82, 91.7279
31, 0, 0.25, 4, 69, 55, 87, 82, 102.533
31, 0, 0.25, 5, 9, 87, 87, 82, 88.9775
31, 0, 0.25, 6, 92, 66, 87, 82, 115.827
31, 0, 0.25, 7, 92, 94, 87, 82, 125.348
31, 0, 0.25, 8, 33, 80, 87, 82, 97.1133
31, 0, 0.25, 9, 97, 88, 87, 82, 125.12
32, 0, 0.25, 0, 59, 55, 87, 82, 98.1988
32, 0, 0.25, 1, 62, 34, 87, 82, 90.4544
32, 0, 0.25, 2, 87, 31, 87, 82, 100.553
32, 0, 0.25, 3, 10, 92, 87, 82, 91.7279
32, 0, 0.25, 4, 69, 55, 87, 82, 102.533
32, 0, 0.25, 5, 9, 87, 87, 82, 88.9775
32, 0, 0.25, 6, 92, 66, 87, 82, 115.827
32, 0, 0.25, 7, 92, 94, 87, 82, 125.348
32, 0, 0.25, 8, 33, 80, 87, 82, 97.1133
32, 0, 0.25, 9, 97, 88, 87, 82, 125.12
33, 0, 0.25, 0, 59, 55, 87, 82, 98.1988
33, 0, 0.25, 1, 62, 34, 87, 82, 90.4544
33, 0, 0.25, 2, 87, 31, 87, 82, 100.553
33, 0, 0.25, 3, 10, 92, 87, 82, 91.7279
33, 0, 0.25, 4, 69, 55, 87, 82, 102.533
33, 0, 0.25, 5, 9, 87, 87, 82, 88.9775
33, 0, 0.25, 6, 92, 66, 87, 82, 115.827
33, 0, 0.25, 7, 92, 94, 87, 82, 125.348
33, 0, 0.25, 8, 33, 80, 87, 82, 97.1133
33, 0, 0.25, 9, 97, 88, 87, 82, 125.12
34, 0, 0.25, 0, 59, 55, 87, 82, 98.1988
34, 0, 0.25, 1, 62, 34, 87, 82, 90.4544
34, 0, 0.25, 2, 87, 31, 87, 82, 100.553
34, 0, 0.25, 3, 10, 92, 87, 82, 91.7279
34, 0, 0.25, 4, 69, 55, 87, 82, 102.533
34, 0, 0.25, 5, 9, 87, 87, 82, 88.9775
34, 0, 0.25, 6, 92, 66, 87, 82, 115.827
34, 0, 0.25, 7, 92, 94, 87, 82, 125.348
34, 0, 0.25, 8, 33, 80, 87, 82, 97.1133
34, 0, 0.25, 9, 97, 88, 87, 82, 125.12
35, 0, 0.25, 0, 59, 55, 87, 82, 98.1988
35, 0, 0.25, 1, 62, 34, 87, 82, 90.4544
35, 0, 0.25, 2, 87, 31, 87, 82, 100.553
35, 0, 0.25, 3, 10, 92, 87, 82, 91.7279
35, 0, 0.25, 4, 69, 55, 87, 82, 102.533
35, 0, 0.25, 5, 9, 87, 87, 82, 88.9775
35, 0, 0.25, 6, 92, 66, 87, 82, 115.827
35, 0, 0.25, 7, 92, 94, 87, 82, 125.348
35, 0, 0.25, 8, 33, 80, 87, 82, 97.1133
35, 0, 0.25, 9, 97, 88, 87, 82, 125.12
36, 0, 0.25, 0, 59, 55, 87, 82, 98.1988
36, 0, 0.25, 1, 62, 34, 87, 82, 90.4544
36, 0, 0.25, 2, 87, 31, 87, 82, 100.553
36, 0, 0.25, 3, 10, 92, 87, 82, 91.7279
36, 0, 0.25, 4, 69, 55, 87, 82, 102.533
36, 0, 0.25, 5, 9, 87, 87, 82, 88.9775
36, 0, 0.25, 6, 92, 66, 87, 82, 115.827
36, 0, 0.25, 7, 92, 94, 87, 82, 125.348
36, 0, 0.25, 8, 33, 80, 87, 82, 97.1133
36, 0, 0.25, 9, 97, 88, 87, 82, 125.12
37, 0, 0.25, 0, 59, 55, 87, 82, 98.1988
37, 0, 0.25, 1, 62, 34, 87, 82, 90.4544
37, 0, 0.25, 2, 87, 31, 87, 82, 100.553
37, 0, 0.25, 3, 10, 92, 87, 82, 91.7279
37, 0, 0.25, 4, 69, 55, 87, 82, 102.533
37, 0, 0.25, 5, 9, 87, 87, 82, 88.9775
37, 0, 0.25, 6, 92, 66, 87, 82, 115.827
37, 0, 0.25, 7, 92, 94, 87, 82, 125.348
37, 0, 0.25, 8, 33, 80, 87, 82, 97.1133
37, 0, 0.25, 9, 97, 88, 87, 82, 125.12
38, 0, 0.25, 0, 59, 55, 87, 82, 98.1988
38, 0, 0.25, 1, 62, 34, 87, 82, 90.4544
38, 0, 0.25, 2, 87, 31, 87, 82, 100.553
38, 0, 0.25, 3, 10, 92, 87, 82, 91.7279
38, 0, 0.25, 4, 69, 55, 87, 82, 102.533
38, 0, 0.25, 5, 9, 87, 87, 82, 88.9775
38, 0, 0.25, 6, 92, 66, 87, 82, 115.827
38, 0, 0.25, 7, 92, 94, 87, 82, 125.348
38, 0, 0.25, 8, 33, 80, 87, 82, 97.1133
38, 0, 0.25, 9, 97, 88, 87, 82, 125.12
39, 0, 0.25, 0, 59, 55, 87, 82, 98.1988
39, 0, 0.25, 1, 62, 34, 87, 82, 90.4544
39, 0, 0.25, 2, 87, 31, 87, 82, 100.553
39, 0, 0.25, 3, 10, 92, 87, 82, 91.7279
39, 0, 0.25, 4, 69, 55, 87, 82, 102.533
39, 0, 0.25, 5, 9, 87, 87, 82, 88.9775
39, 0, 0.25, 6, 92, 66, 87, 82, 115.827
39, 0, 0.25, 7, 92, 94, 87, 82, 125.348
39, 0, 0.25, 8, 33, 80, 87, 82, 97.1133
39, 0, 0.25, 9, 97, 88, 87, 82, 125.12
40, 0, 0.25, 0, 59, 55, 87, 82, 98.1988
40, 0, 0.25, 1, 62, 34, 87, 82, 90.4544
40, 0, 0.25, 2, 87, 31, 87, 82, 100.553
40, 0, 0.25, 3, 10, 92, 87, 82, 91.7279
40, 0, 0.25, 4, 69, 55, 87, 82, 102.533
40, 0, 0.25, 5, 9, 87, 87, 82, 88.9775
40, 0, 0.25, 6, 92, 66, 87, 82, 115.827
40, 0, 0.25, 7, 92, 94, 87, 82, 125.348
40, 0, 0.25, 8, 33, 80, 87, 82, 97.1133
40, 0, 0.25, 9, 97, 88, 87, 82, 125.12
41, 0, 0.25, 0, 59, 55, 87, 82, 98.1988
41, 0, 0.25, 1, 62, 34, 87, 82, 90.4544
41, 0, 0.25, 2, 87, 31, 87, 82, 100.553
41, 0, 0.25, 3, 10, 92, 87, 82, 91.7279
41, 0, 0.25, 4, 69, 55, 87, 82, 102.533
41, 0, 0.25, 5, 9, 87, 87, 82, 88.9775
41, 0, 0.25, 6, 92, 66, 87, 82, 115.827
41, 0, 0.25, 7, 92, 94, 87, 82, 125.348
41, 0, 0.25, 8, 33, 80, 87, 82, 97.1133
41, 0, 0.25, 9, 97, 88, 87, 82, 125.12
42, 0, 0.25, 0, 59, 55, 87, 82, 98.1988
42, 0, 0.25, 1, 62, 34, 87, 82, 90.4544
42, 0, 0.25, 2, 87, 31, 87, 82, 100.553
42, 0, 0.25, 3, 10, 92, 87, 82, 91.7279
42, 0, 0.25, 4, 69, 55, 87, 82, 102.533
42, 0, 0.25, 5, 9, 87, 87, 82, 88.9775
42, 0, 0.25, 6, 92, 66, 87, 82, 115.827
42, 0, 0.25, 7, 92, 94, 87, 82, 125.348
42, 0, 0.25, 8, 33, 80, 87, 82, 97.1133
42, 0, 0.25, 9, 97, 88, 87, 82, 125.12
43, 0, 0.25, 0, 59, 55, 87, 82, 98.1988
43, 0, 0.25, 1, 62, 34, 87, 82, 90.4544
43, 0, 0.25, 2, 87, 31, 87, 82, 100.553
43, 0, 0.25, 3, 10, 92, 87, 82, 91.7279
43, 0, 0.25, 4, 69, 55, 87, 82, 102.533
43, 0, 0.25, 5, 9, 87, 87, 82, 88.9775
43, 0, 0.25, 6, 92, 66, 87, 82, 115.827
43, 0, 0.25, 7, 92, 94, 87, 82, 125.348
43, 0, 0.25, 8, 33, 80, 87, 82, 97.1133
43, 0, 0.25, 9, 97, 88, 87, 82, 125.12
44, 0, 0.25, 0, 59, 55, 87, 82, 98.1988
44, 0, 0.25, 1, 62, 34, 87, 82, 90.4544
44, 0, 0.25, 2, 87, 31, 87, 82, 100.553
44, 0, 0.25, 3, 10, 92, 87, 82, 91.7279
44, 0, 0.25, 4, 69, 55, 87, 82, 102.533
44, 0, 0.25, 5, 9, 87, 87, 82, 88.9775
44, 0, 0.25, 6, 92, 66, 87, 82, 115.827
44, 0, 0.25, 7, 92, 94, 87, 82, 125.348
44, 0, 0.25, 8, 33, 80, 87, 82, 97.1133
44, 0, 0.25, 9, 97, 88, 87, 82, 125.12
45, 0, 0.25, 0, 59, 55, 87, 82, 98.1988
45, 0, 0.25, 1, 62, 34, 87, 82, 90.4544
45, 0, 0.25, 2, 87, 31, 87, 82, 100.553
45, 0, 0.25, 3, 10, 92, 87, 82, 91.7279
45, 0, 0.25, 4, 69, 55, 87, 82, 102.533
45, 0, 0.25, 5, 9, 87, 87, 82, 88.9775
45, 0, 0.25, 6, 92, 66, 87, 82, 115.827
45, 0, 0.25, 7, 92, 94, 87, 82, 125.348
45, 0, 0.25, 8, 33, 80, 87, 82, 97.1133
45, 0, 0.25, 9, 97, 88, 87, 82, 125.12
46, 0, 0.25, 0, 59, 55, 87, 82, 98.1988
46, 0, 0.25, 1, 62, 34, 87, 82, 90.4544
46, 0, 0.25, 2, 87, 31, 87, 82, 100.553
46, 0, 0.25, 3, 10, 92, 87, 82, 91.7279
46, 0, 0.25, 4, 69, 55, 87, 82, 102.533
46, 0, 0.25, 5, 9, 87, 87, 82, 88.9775
46, 0, 0.25, 6, 92, 66, 87, 82, 115.827
46, 0, 0.25, 7, 92, 94, 87, 82, 125.348
46, 0, 0.25, 8, 33, 80, 87, 82, 97.1133
46, 0, 0.25, 9, 97, 88, 87, 82, 125.12
47, 0, 0.25, 0, 59, 55, 87, 82, 98.1988
47, 0, 0.25, 1, 62, 34, 87, 82, 90.4544
47, 0, 0.25, 2, 87, 31, 87, 82, 100.553
47, 0, 0.25, 3, 10, 92, 87, 82, 91.7279
47, 0, 0.25, 4, 69, 55, 87, 82, 102.533
47, 0, 0.25, 5, 9, 87, 87, 82, 88.9775
47, 0, 0.25, 6, 92, 66, 87, 82, 115.827
47, 0, 0.25, 7, 92, 94, 87, 82, 125.348
47, 0, 0.25, 8, 33, 80, 87, 82, 97.1133
47, 0, 0.25, 9, 97, 88, 87, 82, 125.12
48, 0, 0.25, 0, 59, 55, 87, 82, 98.1988
48, 0, 0.25, 1, 62, 34, 87, 82, 90.4544
48, 0, 0.25, 2, 87, 31, 87, 82, 100.553
48, 0, 0.25, 3, 10, 92, 87, 82, 91.7279
48, 0, 0.25, 4, 69, 55, 87, 82, 102.533
48, 0, 0.25, 5, 9, 87, 87, 82, 88.9775
48, 0, 0.25, 6, 92, 66, 87, 82, 115.827
48, 0, 0.25, 7, 92, 94, 87, 82, 125.348
48, 0, 0.25, 8, 33, 80, 87, 82, 97.1133
48, 0, 0.25, 9, 97, 88, 87, 82, 125.12
49, 0, 0.25, 0, 59, 55, 87, 82, 98.1988
49, 0, 0.25, 1, 62, 34, 87, 82, 90.4544
49, 0, 0.25, 2, 87, 31, 87, 82, 100.553
49, 0, 0.25, 3, 10, 92, 87, 82, 91.7279
49, 0, 0.25, 4, 69, 55, 87, 82, 102.533
49, 0, 0.25, 5, 9, 87, 87, 82, 88.9775
49, 0, 0.25, 6, 92, 66, 87, 82, 115.827
49, 0, 0.25, 7, 92, 94, 87, 82, 125.348
49, 0, 0.25, 8, 33, 80, 87, 82, 97.1133
49, 0, 0.25, 9, 97, 88, 87, 82, 125.12
50, 0, 0.25, 0, 59, 55, 87, 82, 98.1988
50, 0, 0.25, 1, 62, 34, 87, 82, 90.4544
50, 0, 0.25, 2, 87, 31, 87, 82, 100.553
50, 0, 0.25, 3, 10, 92, 87, 82, 91.7279
50, 0, 0.25, 4, 69, 55, 87, 82, 102.533
50, 0, 0.25, 5, 9, 87, 87, 82, 88.9775
50, 0, 0.25, 6, 92, 66, 87, 82, 115.827
50, 0, 0.25, 7, 92, 94, 87, 82, 125.348
50, 0, 0.25, 8, 33, 80, 87, 82, 97.1133
50, 0, 0.25, 9, 97, 88, 87, 82, 125.12
51, 0, 0.25, 0, 59, 55, 87, 82, 98.1988
51, 0, 0.25, 1, 62, 34, 87, 82, 90.4544
51, 0, 0.25, 2, 87, 31, 87, 82, 100.553
51, 0, 0.25, 3, 10, 92, 87, 82, 91.7279
51, 0, 0.25, 4, 69, 55, 87, 82, 102.533
51, 0, 0.25, 5, 9, 87, 87, 82, 88.9775
51, 0, 0.25, 6, 92, 66, 87, 82, 115.827
51, 0, 0.25, 7, 92, 94, 87, 82, 125.348
51, 0, 0.25, 8, 33, 80, 87, 82, 97.1133
51, 0, 0.25, 9, 97, 88, 87, 82, 125.12
52, 0, 0.25, 0, 59, 55, 87, 82, 98.1988
52, 0, 0.25, 1, 62, 34, 87, 82, 90.4544
52, 0, 0.25, 2, 87, 31, 87, 82, 100.553
52, 0, 0.25, 3, 10, 92, 87, 82, 91.7279
52, 0, 0.25, 4, 69, 55, 87, 82, 102.533
52, 0, 0.25, 5, 9, 87, 87, 82, 88.9775
52, 0, 0.25, 6, 92, 66, 87, 82, 115.827
52, 0, 0.25, 7, 92, 94, 87, 82, 125.348
52, 0, 0.25, 8, 33, 80, 87, 82, 97.1133
52, 0, 0.25, 9, 97, 88, 87, 82, 125.12
53, 0, 0.25, 0, 59, 55, 87, 82, 98.1988
53, 0, 0.25, 1, 62, 34, 87, 82, 90.4544
53, 0, 0.25, 2, 87, 31, 87, 82, 100.553
53, 0, 0.25, 3, 10, 92, 87, 82, 91.7279
53, 0, 0.25, 4, 69, 55, 87, 82, 102.533
53, 0, 0.25, 5, 9, 87, 87, 82, 88.9775
53, 0, 0.25, 6, 92, 66, 87, 82, 115.827
53, 0, 0.25, 7, 92, 94, 87, 82, 125.348
53, 0, 0.25, 8, 33, 80, 87, 82, 97.1133
53, 0, 0.25, 9, 97, 88, 87, 82, 125.12
54, 0, 0.25, 0, 59, 55, 87, 82, 98.1988
54, 0, 0.25, 1, 62, 34, 87, 82, 90.4544
54, 0, 0.25, 2, 87, 31, 87, 82, 100.553
54, 0, 0.25, 3, 10, 92, 87, 82, 91.7279
54, 0, 0.25, 4, 69, 55, 87, 82, 102.533
54, 0, 0.25, 5, 9, 87, 87, 82, 88.9775
54, 0, 0.25, 6, 92, 66, 87, 82, 115.827
54, 0, 0.25, 7, 92, 94, 87, 82, 125.348
54, 0, 0.25, 8, 33, 80, 87, 82, 97.1133
54, 0, 0.25, 9, 97, 88, 87, 82, 125.12
55, 0, 0.25, 0, 59, 55, 87, 82, 98.1988
55, 0, 0.25, 1, 62, 34, 87, 82, 90.4544
55, 0, 0.25, 2, 87, 31, 87, 82, 100.553
55, 0, 0.25, 3, 10, 92, 87, 82, 91.7279
55, 0, 0.25, 4, 69, 55, 87, 82, 102.533
55, 0, 0.25, 5, 9, 87, 87, 82, 88.9775
55, 0, 0.25, 6, 92, 66, 87, 82, 115.827
55, 0, 0.25, 7, 92, 94, 87, 82, 125.348
55, 0, 0.25, 8, 33, 80, 87, 82, 97.1133
55, 0, 0.25, 9, 97, 88, 87, 82, 125.12
56, 0, 0.25, 0, 59, 55, 87, 82, 98.1988
56, 0, 0.25, 1, 62, 34, 87, 82, 90.4544
56, 0, 0.25, 2, 87, 31, 87, 82, 100.553
56, 0, 0.25, 3, 10, 92, 87, 82, 91.7279
56, 0, 0.25, 4, 69, 55, 87, 82, 102.533
56, 0, 0.25, 5, 9, 87, 87, 82, 88.9775
56, 0, 0.25, 6, 92, 66, 87, 82, 115.827
56, 0, 0.25, 7, 92, 94, 87, 82, 125.348
56, 0, 0.25, 8, 33, 80, 87, 82, 97.1133
56, 0, 0.25, 9, 97, 88, 87, 82, 125.12
57, 0, 0.25, 0, 59, 55, 87, 82, 98.1988
57, 0, 0.25, 1, 62, 34, 87, 82, 90.4544
57, 0, 0.25, 2, 87, 31, 87, 82, 100.553
57, 0, 0.25, 3, 10, 92, 87, 82, 91.7279
57, 0, 0.25, 4, 69, 55, 87, 82, 102.533
57, 0, 0.25, 5, 9, 87, 87, 82, 88.9775
57, 0, 0.25, 6, 92, 66, 87, 82, 115.827
57, 0, 0.25, 7, 92, 94, 87, 82, 125.348
57, 0, 0.25, 8, 33, 80, 87, 82, 97.1133
57, 0, 0.25, 9, 97, 88, 87, 82, 125.12
58, 0, 0.25, 0, 59, 55, 87, 82, 98.1988
58, 0, 0.25, 1, 62, 34, 87, 82, 90.4544
58, 0, 0.25, 2, 87, 31, 87, 82, 100.553
58, 0, 0.25, 3, 10, 92, 87, 82, 91.7279
58, 0, 0.25, 4, 69, 55, 87, 82, 102.533
58, 0, 0.25, 5, 9, 87, 87, 82, 88.9775
58, 0, 0.25, 6, 92, 66, 87, 82, 115.827
58, 0, 0.25, 7, 92, 94, 87, 82, 125.348
58, 0, 0.25, 8, 33, 80, 87, 82, 97.1133
58, 0, 0.25, 9, 97, 88, 87, 82, 125.12
59, 0, 0.25, 0, 59, 55, 87, 82, 98.1988
59, 0, 0.25, 1, 62, 34, 87, 82, 90.4544
59, 0, 0.25, 2, 87, 31, 87, 82, 100.553
59, 0, 0.25, 3, 10, 92, 87, 82, 91.7279
59, 0, 0.25, 4, 69, 55, 87, 82, 102.533
59, 0, 0.25, 5, 9, 87, 87, 82, 88.9775
59, 0, 0.25, 6, 92, 66, 87, 82, 115.827
59, 0, 0.25, 7, 92, 94, 87, 82, 125.348
59, 0, 0.25, 8, 33, 80, 87, 82, 97.1133
59, 0, 0.25, 9, 97, 88, 87, 82, 125.12
60, 0, 0.25, 0, 59, 55, 87, 82, 98.1988
60, 0, 0.25, 1, 62, 34, 87, 82, 90.4544
60, 0, 0.25, 2, 87, 31, 87, 82, 100.553
60, 0, 0.25, 3, 10, 92, 87, 82, 91.7279
60, 0, 0.25, 4, 69, 55, 87, 82, 102.533
60, 0, 0.25, 5, 9, 87, 87, 82, 88.9775
60, 0, 0.25, 6, 92, 66, 87, 82, 115.827
60, 0, 0.25, 7, 92, 94, 87, 82, 125.348
60, 0, 0.25, 8, 33, 80, 87, 82, 97.1133
60, 0, 0.25, 9, 97, 88, 87, 82, 125.12
61, 0, 0.25, 0, 59, 55, 87, 82, 98.1988
61, 0, 0.25, 1, 62, 34, 87, 82, 90.4544
61, 0, 0.25, 2, 87, 31, 87, 82, 100.553
61, 0, 0.25, 3, 10, 92, 87, 82, 91.7279
61, 0, 0.25, 4, 69, 55, 87, 82, 102.533
61, 0, 0.25, 5, 9, 87, 87, 82, 88.9775
61, 0, 0.25, 6, 92, 66, 87, 82, 115.827
61, 0, 0.25, 7, 92, 94, 87, 82, 125.348
61, 0, 0.25, 8, 33, 80, 87, 82, 97.1133
61, 0, 0.25, 9, 97, 88, 87, 82, 125.12
62, 0, 0.25, 0, 59, 55, 87, 82, 98.1988
62, 0, 0.25, 1, 62, 34, 87, 82, 90.4544
62, 0, 0.25, 2, 87, 31, 87, 82, 100.553
62, 0, 0.25, 3, 10, 92, 87, 82, 91.7279
62, 0, 0.25, 4, 69, 55, 87, 82, 102.533
62, 0, 0.25, 5, 9, 87, 87, 82, 88.9775
62, 0, 0.25, 6, 92, 66, 87, 82, 115.827
62, 0, 0.25, 7, 92, 94, 87, 82, 125.348
62, 0, 0.25, 8, 33, 80, 87, 82, 97.1133
62, 0, 0.25, 9, 97, 88, 87, 82, 125.12
63, 0, 0.25, 0, 59, 55, 87, 82, 98.1988
63, 0, 0.25, 1, 62, 34, 87, 82, 90.4544
63, 0, 0.25, 2, 87, 31, 87, 82, 100.553
63, 0, 0.25, 3, 10, 92, 87, 82, 91.7279
63, 0, 0.25, 4, 69, 55, 87, 82, 102.533
63, 0, 0.25, 5, 9, 87, 87, 82, 88.9775
63, 0, 0.25, 6, 92, 66, 87, 82, 115.827
63, 0, 0.25, 7, 92, 94, 87, 82, 125.348
63, 0, 0.25, 8, 33, 80, 87, 82, 97.1133
63, 0, 0.25, 9, 97, 88, 87, 82, 125.12
64, 0, 0.25, 0, 59, 55, 87, 82, 98.1988
64, 0, 0.25, 1, 62, 34, 87, 82, 90.4544
64, 0, 0.25, 2, 87, 31, 87, 82, 100.553
64, 0, 0.25, 3, 10, 92, 87, 82, 91.7279
64, 0, 0.25, 4, 69, 55, 87, 82, 102.533
64, 0, 0.25, 5, 9, 87, 87, 82, 88.9775
64, 0, 0.25, 6, 92, 66, 87, 82, 115.827
64, 0, 0.25, 7, 92, 94, 87, 82, 125.348
64, 0, 0.25, 8, 33, 80, 87, 82, 97.1133
64, 0, 0.25, 9, 97, 88, 87, 82, 125.12
65, 0, 0.25, 0, 59, 55, 87, 82, 98.1988
65, 0, 0.25, 1, 62, 34, 87, 82, 90.4544
65, 0, 0.25, 2, 87, 31, 87, 82, 100.553
65, 0, 0.25, 3, 10, 92, 87, 82, 91.7279
65, 0, 0.25, 4, 69, 55, 87, 82, 102.533
65, 0, 0.25, 5, 9, 87, 87, 82, 88.9775
65, 0, 0.25, 6, 92, 66, 87, 82, 115.827
65, 0, 0.25, 7, 92, 94, 87, 82, 125.348
65, 0, 0.25, 8, 33, 80, 87, 82, 97.1133
65, 0, 0.25, 9, 97, 88, 87, 82, 125.12
66, 0, 0.25, 0, 59, 55, 87, 82, 98.1988
66, 0, 0.25, 1, 62, 34, 87, 82, 90.4544
66, 0, 0.25, 2, 87, 31, 87, 82, 100.553
66, 0, 0.25, 3, 10, 92, 87, 82, 91.7279
66, 0, 0.25, 4, 69, 55, 87, 82, 102.533
66, 0, 0.25, 5, 9, 87, 87, 82, 88.9775
66, 0, 0.25, 6, 92, 66, 87, 82, 115.827
66, 0, 0.25, 7, 92, 94, 87, 82, 125.348
66, 0, 0.25, 8, 33, 80, 87, 82, 97.1133
66, 0, 0.25, 9, 97, 88, 87, 82, 125.12
67, 0, 0.25, 0, 59, 55, 87, 82, 98.1988
67, 0, 0.25, 1, 62, 34, 87, 82, 90.4544
67, 0, 0.25, 2, 87, 31, 87, 82, 100.553
67, 0, 0.25, 3, 10, 92, 87, 82, 91.7279
67, 0, 0.25, 4, 69, 55, 87, 82, 102.533
67, 0, 0.25, 5, 9, 87, 87, 82, 88.9775
67, 0, 0.25, 6, 92, 66, 87, 82, 115.827
67, 0, 0.25, 7, 92, 94, 87, 82, 125.348
67, 0, 0.25, 8, 33, 80, 87, 82, 97.1133
67, 0, 0.25, 9, 97, 88, 87, 82, 125.12
68, 0, 0.25, 0, 59, 55, 87, 82, 98.1988
68, 0, 0.25, 1, 62, 34, 87, 82, 90.4544
68, 0, 0.25, 2, 87, 31, 87, 82, 100.553
68, 0, 0.25, 3, 10, 92, 87, 82, 91.7279
68, 0, 0.25, 4, 69, 55, 87, 82, 102.533
68, 0, 0.25, 5, 9, 87, 87, 82, 88.9775
68, 0, 0.25, 6, 92, 66, 87, 82, 115.827
68, 0, 0.25, 7, 92, 94, 87, 82, 125.348
68, 0, 0.25, 8, 33, 80, 87, 82, 97.1133
68, 0, 0.25, 9, 97, 88, 87, 82, 125.12
69, 0, 0.25, 0, 59, 55, 87, 82, 98.1988
69, 0, 0.25, 1, 62, 34, 87, 82, 90.4544
69, 0, 0.25, 2, 87, 31, 87, 82, 100.553
69, 0, 0.25, 3, 10, 92, 87, 82, 91.7279
69, 0, 0.25, 4, 69, 55, 87, 82, 102.533
69, 0, 0.25, 5, 9, 87, 87, 82, 88.9775
69, 0, 0.25, 6, 92, 66, 87, 82, 115.827
69, 0, 0.25, 7, 92, 94, 87, 82, 125.348
69, 0, 0.25, 8, 33, 80, 87, 82, 97.1133
69, 0, 0.25, 9, 97, 88, 87, 82, 125.12
70, 0, 0.25, 0, 59, 55, 87, 82, 98.1988
70, 0, 0.25, 1, 62, 34, 87, 82, 90.4544
70, 0, 0.25, 2, 87, 31, 87, 82, 100.553
70, 0, 0.25, 3, 10, 92, 87, 82, 91.7279
70, 0, 0.25, 4, 69, 55, 87, 82, 102.533
70, 0, 0.25, 5, 9, 87, 87, 82, 88.9775
70, 0, 0.25, 6, 92, 66, 87, 82, 115.827
70, 0, 0.25, 7, 92, 94, 87, 82, 125.348
70, 0, 0.25, 8, 33, 80, 87, 82, 97.1133
70, 0, 0.25, 9, 97, 88, 87, 82, 125.12
71, 0, 0.25, 0, 59, 55, 87, 82, 98.1988
71, 0, 0.25, 1, 62, 34, 87, 82, 90.4544
71, 0, 0.25, 2, 87, 31, 87, 82, 100.553
71, 0, 0.25, 3, 10, 92, 87, 82, 91.7279
71, 0, 0.25, 4, 69, 55, 87, 82, 102.533
71, 0, 0.25, 5, 9, 87, 87, 82, 88.9775
71, 0, 0.25, 6, 92, 66, 87, 82, 115.827
71, 0, 0.25, 7, 92, 94, 87, 82, 125.348
71, 0, 0.25, 8, 33, 80, 87, 82, 97.1133
71, 0, 0.25, 9, 97, 88, 87, 82, 125.12
72, 0, 0.25, 0, 59, 55, 87, 82, 98.1988
72, 0, 0.25, 1, 62, 34, 87, 82, 90.4544
72, 0, 0.25, 2, 87, 31, 87, 82, 100.553
72, 0, 0.25, 3, 10, 92, 87, 82, 91.7279
72, 0, 0.25, 4, 69, 55, 87, 82, 102.533
72, 0, 0.25, 5, 9, 87, 87, 82, 88.9775
72, 0, 0.25, 6, 92, 66, 87, 82, 115.827
72, 0, 0.25, 7, 92, 94, 87, 82, 125.348
72, 0, 0.25, 8, 33, 80, 87, 82, 97.1133
72, 0, 0.25, 9, 97, 88, 87, 82, 125.12
73, 0, 0.25, 0, 59, 55, 87, 82, 98.1988
73, 0, 0.25, 1, 62, 34, 87, 82, 90.4544
73, 0, 0.25, 2, 87, 31, 87, 82, 100.553
73, 0, 0.25, 3, 10, 92, 87, 82, 91.7279
73, 0, 0.25, 4, 69, 55, 87, 82, 102.533
73, 0, 0.25, 5, 9, 87, 87, 82, 88.9775
73, 0, 0.25, 6, 92, 66, 87, 82, 115.827
73, 0, 0.25, 7, 92, 94, 87, 82, 125.348
73, 0, 0.25, 8, 33, 80, 87, 82, 97.1133
73, 0, 0.25, 9, 97, 88, 87, 82, 125.12
74, 0, 0.25, 0, 59, 55, 87, 82, 98.1988
74, 0, 0.25, 1, 62, 34, 87, 82, 90.4544
74, 0, 0.25, 2, 87, 31, 87, 82, 100.553
74, 0, 0.25, 3, 10, 92, 87, 82, 91.7279
74, 0, 0.25, 4, 69, 55, 87, 82, 102.533
74, 0, 0.25, 5, 9, 87, 87, 82, 88.9775
74, 0, 0.25, 6, 92, 66, 87, 82, 115.827
74, 0, 0.25, 7, 92, 94, 87, 82, 125.348
74, 0, 0.25, 8, 33, 80, 87, 82, 97.1133
74, 0, 0.25, 9, 97, 88, 87, 82, 125.12
75, 0, 0.25, 0, 59, 55, 87, 82, 98.1988
75, 0, 0.25, 1, 62, 34, 87, 82, 90.4544
75, 0, 0.25, 2, 87, 31, 87, 82, 100.553
75, 0, 0.25, 3, 10, 92, 87, 82, 91.7279
75, 0, 0.25, 4, 69, 55, 87, 82, 102.533
75, 0, 0.25, 5, 9, 87, 87, 82, 88.9775
75, 0, 0.25, 6, 92, 66, 87, 82, 115.827
75, 0, 0.25, 7, 92, 94, 87, 82, 125.348
75, 0, 0.25, 8, 33, 80, 87, 82, 97.1133
75, 0, 0.25, 9, 97, 88, 87, 82, 125.12
76, 0, 0.25, 0, 59, 55, 87, 82, 98.1988
76, 0, 0.25, 1, 62, 34, 87, 82, 90.4544
76, 0, 0.25, 2, 87, 31, 87, 82, 100.553
76, 0, 0.25, 3, 10, 92, 87, 82, 91.7279
76, 0, 0.25, 4, 69, 55, 87, 82, 102.533
76, 0, 0.25, 5, 9, 87, 87, 82, 88.9775
76, 0, 0.25, 6, 92, 66, 87, 82, 115.827
76, 0, 0.25, 7, 92, 94, 87, 82, 125.348
76, 0, 0.25, 8, 33, 80, 87, 82, 97.1133
76, 0, 0.25, 9, 97, 88, 87, 82, 125.12
77, 0, 0.25, 0, 59, 55, 87, 82, 98.1988
77, 0, 0.25, 1, 62, 34, 87, 82, 90.4544
77, 0, 0.25, 2, 87, 31, 87, 82, 100.553
77, 0, 0.25, 3, 10, 92, 87, 82, 91.7279
77, 0, 0.25, 4, 69, 55, 87, 82, 102.533
77, 0, 0.25, 5, 9, 87, 87, 82, 88.9775
77, 0, 0.25, 6, 92, 66, 87, 82, 115.827
77, 0, 0.25, 7, 92, 94, 87, 82, 125.348
77, 0, 0.25, 8, 33, 80, 87, 82, 97.1133
77, 0, 0.25, 9, 97, 88, 87, 82, 125.12
78, 0, 0.25, 0, 59, 55, 87, 82, 98.1988
78, 0, 0.25, 1, 62, 34, 87, 82, 90.4544
78, 0, 0.25, 2, 87, 31, 87, 82, 100.553
78, 0, 0.25, 3, 10, 92, 87, 82, 91.7279
78, 0, 0.25, 4, 69, 55, 87, 82, 102.533
78, 0, 0.25, 5, 9, 87, 87, 82, 88.9775
78, 0, 0.25, 6, 92, 66, 87, 82, 115.827
78, 0, 0.25, 7, 92, 94, 87, 82, 125.348
78, 0, 0.25, 8, 33, 80, 87, 82, 97.1133
78, 0, 0.25, 9, 97, 88, 87, 82, 125.12
79, 0, 0.25, 0, 59, 55, 87, 82, 98.1988
79, 0, 0.25, 1, 62, 34, 87, 82, 90.4544
79, 0, 0.25, 2, 87, 31, 87, 82, 100.553
79, 0, 0.25, 3, 10, 92, 87, 82, 91.7279
79, 0, 0.25, 4, 69, 55, 87, 82, 102.533
79, 0, 0.25, 5, 9, 87, 87, 82, 88.9775
79, 0, 0.25, 6, 92, 66, 87, 82, 115.827
79, 0, 0.25, 7, 92, 94, 87, 82, 125.348
79, 0, 0.25, 8, 33, 80, 87, 82, 97.1133
79, 0, 0.25, 9, 97, 88, 87, 82, 125.12
80, 0, 0.25, 0, 59, 55, 87, 82, 98.1988
80, 0, 0.25, 1, 62, 34, 87, 82, 90.4544
80, 0, 0.25, 2, 87, 31, 87, 82, 100.553
80, 0, 0.25, 3, 10, 92, 87, 82, 91.7279
80, 0, 0.25, 4, 69, 55, 87, 82, 102.533
80, 0, 0.25, 5, 9, 87, 87, 82, 88.9775
80, 0, 0.25, 6, 92, 66, 87, 82, 115.827
80, 0, 0.25, 7, 92, 94, 87, 82, 125.348
80, 0, 0.25, 8, 33, 80, 87, 82, 97.1133
80, 0, 0.25, 9, 97, 88, 87, 82, 125.12
81, 0, 0.25, 0, 59, 55, 87, 82, 98.1988
81, 0, 0.25, 1, 62, 34, 87, 82, 90.4544
81, 0, 0.25, 2, 87, 31, 87, 82, 100.553
81, 0, 0.25, 3, 10, 92, 87, 82, 91.7279
81, 0, 0.25, 4, 69, 55, 87, 82, 102.533
81, 0, 0.25, 5, 9, 87, 87, 82, 88.9775
81, 0, 0.25, 6, 92, 66, 87, 82, 115.827
81, 0, 0.25, 7, 92, 94, 87, 82, 125.348
81, 0, 0.25, 8, 33, 80, 87, 82, 97.1133
81, 0, 0.25, 9, 97, 88, 87, 82, 125.12
82, 0, 0.25, 0, 59, 55, 87, 82, 98.1988
82, 0, 0.25, 1, 62, 34, 87, 82, 90.4544
82, 0, 0.25, 2, 87, 31, 87, 82, 100.553
82, 0, 0.25, 3, 10, 92, 87, 82, 91.7279
82, 0, 0.25, 4, 69, 55, 87, 82, 102.533
82, 0, 0.25, 5, 9, 87, 87, 82, 88.9775
82, 0, 0.25, 6, 92, 66, 87, 82, 115.827
82, 0, 0.25, 7, 92, 94, 87, 82, 125.348
82, 0, 0.25, 8, 33, 80, 87, 82, 97.1133
82, 0, 0.25, 9, 97, 88, 87, 82, 125.12
83, 0, 0.25, 0, 59, 55, 87, 82, 98.1988
83, 0, 0.25, 1, 62, 34, 87, 82, 90.4544
83, 0, 0.25, 2, 87, 31, 87, 82, 100.553
83, 0, 0.25, 3, 10, 92, 87, 82, 91.7279
83, 0, 0.25, 4, 69, 55, 87, 82, 102.533
83, 0, 0.25, 5, 9, 87, 87, 82, 88.9775
83, 0, 0.25, 6, 92, 66, 87, 82, 115.827
83, 0, 0.25, 7, 92, 94, 87, 82, 125.348
83, 0, 0.25, 8, 33, 80, 87, 82, 97.1133
83, 0, 0.25, 9, 97, 88, 87, 82, 125.12
84, 0, 0.25, 0, 59, 55, 87, 82, 98.1988
84, 0, 0.25, 1, 62, 34, 87, 82, 90.4544
84, 0, 0.25, 2, 87, 31, 87, 82, 100.553
84, 0, 0.25, 3, 10, 92, 87, 82, 91.7279
84, 0, 0.25, 4, 69, 55, 87, 82, 102.533
84, 0, 0.25, 5, 9, 87, 87, 82, 88.9775
84, 0, 0.25, 6, 92, 66, 87, 82, 115.827
84, 0, 0.25, 7, 92, 94, 87, 82, 125.348
84, 0, 0.25, 8, 33, 80, 87, 82, 97.1133
84, 0, 0.25, 9, 97, 88, 87, 82, 125.12
85, 0, 0.25, 0, 59, 55, 87, 82, 98.1988
85, 0, 0.25, 1, 62, 34, 87, 82, 90.4544
85, 0, 0.25, 2, 87, 31, 87, 82, 100.553
85, 0, 0.25, 3, 10, 92, 87, 82, 91.7279
85, 0, 0.25, 4, 69, 55, 87, 82, 102.533
85, 0, 0.25, 5, 9, 87, 87, 82, 88.9775
85, 0, 0.25, 6, 92, 66, 87, 82, 115.827
85, 0, 0.25, 7, 92, 94, 87, 82, 125.348
85, 0, 0.25, 8, 33, 80, 87, 82, 97.1133
85, 0, 0.25, 9, 97, 88, 87, 82, 125.12
86, 0, 0.25, 0, 59, 55, 87, 82, 98.1988
86, 0, 0.25, 1, 62, 34, 87, 82, 90.4544
86, 0, 0.25, 2, 87, 31, 87, 82, 100.553
86, 0, 0.25, 3, 10, 92, 87, 82, 91.7279
86, 0, 0.25, 4, 69, 55, 87, 82, 102.533
86, 0, 0.25, 5, 9, 87, 87, 82, 88.9775
86, 0, 0.25, 6, 92, 66, 87, 82, 115.827
86, 0, 0.25, 7, 92, 94, 87, 82, 125.348
86, 0, 0.25, 8, 33, 80, 87, 82, 97.1133
86, 0, 0.25, 9, 97, 88, 87, 82, 125.12
87, 0, 0.25, 0, 59, 55, 87, 82, 98.1988
87, 0, 0.25, 1, 62, 34, 87, 82, 90.4544
87, 0, 0.25, 2, 87, 31, 87, 82, 100.553
87, 0, 0.25, 3, 10, 92, 87, 82, 91.7279
87, 0, 0.25, 4, 69, 55, 87, 82, 102.533
87, 0, 0.25, 5, 9, 87, 87, 82, 88.9775
87, 0, 0.25, 6, 92, 66, 87, 82, 115.827
87, 0, 0.25, 7, 92, 94, 87, 82, 125.348
87, 0, 0.25, 8, 33, 80, 87, 82, 97.1133
87, 0, 0.25, 9, 97, 88, 87, 82, 125.12
88, 0, 0.25, 0, 59, 55, 87, 82, 98.1988
88, 0, 0.25, 1, 62, 34, 87, 82, 90.4544
88, 0, 0.25, 2, 87, 31, 87, 82, 100.553
88, 0, 0.25, 3, 10, 92, 87, 82, 91.7279
88, 0, 0.25, 4, 69, 55, 87, 82, 102.533
88, 0, 0.25, 5, 9, 87, 87, 82, 88.9775
88, 0, 0.25, 6, 92, 66, 87, 82, 115.827
88, 0, 0.25, 7, 92, 94, 87, 82, 125.348
88, 0, 0.25, 8, 33, 80, 87, 82, 97.1133
88, 0, 0.25, 9, 97, 88, 87, 82, 125.12
89, 0, 0.25, 0, 59, 55, 87, 82, 98.1988
89, 0, 0.25, 1, 62, 34, 87, 82, 90.4544
89, 0, 0.25, 2, 87, 31, 87, 82, 100.553
89, 0, 0.25, 3, 10, 92, 87, 82, 91.7279
89, 0, 0.25, 4, 69, 55, 87, 82, 102.533
89, 0, 0.25, 5, 9, 87, 87, 82, 88.9775
89, 0, 0.25, 6, 92, 66, 87, 82, 115.827
89, 0, 0.25, 7, 92, 94, 87, 82, 125.348
89, 0, 0.25, 8, 33, 80, 87, 82, 97.1133
89, 0, 0.25, 9, 97, 88, 87, 82, 125.12
90, 0, 0.25, 0, 59, 55, 87, 82, 98.1988
90, 0, 0.25, 1, 62, 34, 87, 82, 90.4544
90, 0, 0.25, 2, 87, 31, 87, 82, 100.553
90, 0, 0.25, 3, 10, 92, 87, 82, 91.7279
90, 0, 0.25, 4, 69, 55, 87, 82, 102.533
90, 0, 0.25, 5, 9, 87, 87, 82, 88.9775
90, 0, 0.25, 6, 92, 66, 87, 82, 115.827
90, 0, 0.25, 7, 92, 94, 87, 82, 125.348
90, 0, 0.25, 8, 33, 80, 87, 82, 97.1133
90, 0, 0.25, 9, 97, 88, 87, 82, 125.12
91, 0, 0.25, 0, 59, 55, 87, 82, 98.1988
91, 0, 0.25, 1, 62, 34, 87, 82, 90.4544
91, 0, 0.25, 2, 87, 31, 87, 82, 100.553
91, 0, 0.25, 3, 10, 92, 87, 82, 91.7279
91, 0, 0.25, 4, 69, 55, 87, 82, 102.533
91, 0, 0.25, 5, 9, 87, 87, 82, 88.9775
91, 0, 0.25, 6, 92, 66, 87, 82, 115.827
91, 0, 0.25, 7, 92, 94, 87, 82, 125.348
91, 0, 0.25, 8, 33, 80, 87, 82, 97.1133
91, 0, 0.25, 9, 97, 88, 87, 82, 125.12
92, 0, 0.25, 0, 59, 55, 87, 82, 98.1988
92, 0, 0.25, 1, 62, 34, 87, 82, 90.4544
92, 0, 0.25, 2, 87, 31, 87, 82, 100.553
92, 0, 0.25, 3, 10, 92, 87, 82, 91.7279
92, 0, 0.25, 4, 69, 55, 87, 82, 102.533
92, 0, 0.25, 5, 9, 87, 87, 82, 88.9775
92, 0, 0.25, 6, 92, 66, 87, 82, 115.827
92, 0, 0.25, 7, 92, 94, 87, 82, 125.348
92, 0, 0.25, 8, 33, 80, 87, 82, 97.1133
92, 0, 0.25, 9, 97, 88, 87, 82, 125.12
93, 0, 0.25, 0, 59, 55, 87, 82, 98.1988
93, 0, 0.25, 1, 62, 34, 87, 82, 90.4544
93, 0, 0.25, 2, 87, 31, 87, 82, 100.553
93, 0, 0.25, 3, 10, 92, 87, 82, 91.7279
93, 0, 0.25, 4, 69, 55, 87, 82, 102.533
93, 0, 0.25, 5, 9, 87, 87, 82, 88.9775
93, 0, 0.25, 6, 92, 66, 87, 82, 115.827
93, 0, 0.25, 7, 92, 94, 87, 82, 125.348
93, 0, 0.25, 8, 33, 80, 87, 82, 97.1133
93, 0, 0.25, 9, 97, 88, 87, 82, 125.12
94, 0, 0.25, 0, 59, 55, 87, 82, 98.1988
94, 0, 0.25, 1, 62, 34, 87, 82, 90.4544
94, 0, 0.25, 2, 87, 31, 87, 82, 100.553
94, 0, 0.25, 3, 10, 92, 87, 82, 91.7279
94, 0, 0.25, 4, 69, 55, 87, 82, 102.533
94, 0, 0.25, 5, 9, 87, 87, 82, 88.9775
94, 0, 0.25, 6, 92, 66, 87, 82, 115.827
94, 0, 0.25, 7, 92, 94, 87, 82, 125.348
94, 0, 0.25, 8, 33, 80, 87, 82, 97.1133
94, 0, 0.25, 9, 97, 88, 87, 82, 125.12
95, 0, 0.25, 0, 59, 55, 87, 82, 98.1988
95, 0, 0.25, 1, 62, 34, 87, 82, 90.4544
95, 0, 0.25, 2, 87, 31, 87, 82, 100.553
95, 0, 0.25, 3, 10, 92, 87, 82, 91.7279
95, 0, 0.25, 4, 69, 55, 87, 82, 102.533
95, 0, 0.25, 5, 9, 87, 87, 82, 88.9775
95, 0, 0.25, 6, 92, 66, 87, 82, 115.827
95, 0, 0.25, 7, 92, 94, 87, 82, 125.348
95, 0, 0.25, 8, 33, 80, 87, 82, 97.1133
95, 0, 0.25, 9, 97, 88, 87, 82, 125.12
96, 0, 0.25, 0, 59, 55, 87, 82, 98.1988
96, 0, 0.25, 1, 62, 34, 87, 82, 90.4544
96, 0, 0.25, 2, 87, 31, 87, 82, 100.553
96, 0, 0.25, 3, 10, 92, 87, 82, 91.7279
96, 0, 0.25, 4, 69, 55, 87, 82, 102.533
96, 0, 0.25, 5, 9, 87, 87, 82, 88.9775
96, 0, 0.25, 6, 92, 66, 87, 82, 115.827
96, 0, 0.25, 7, 92, 94, 87, 82, 125.348
96, 0, 0.25, 8, 33, 80, 87, 82, 97.1133
96, 0, 0.25, 9, 97, 88, 87, 82, 125.12
97, 0, 0.25, 0, 59, 55, 87, 82, 98.1988
97, 0, 0.25, 1, 62, 34, 87, 82, 90.4544
97, 0, 0.25, 2, 87, 31, 87, 82, 100.553
97, 0, 0.25, 3, 10, 92, 87, 82, 91.7279
97, 0, 0.25, 4, 69, 55, 87, 82, 102.533
97, 0, 0.25, 5, 9, 87, 87, 82, 88.9775
97, 0, 0.25, 6, 92, 66, 87, 82, 115.827
97, 0, 0.25, 7, 92, 94, 87, 82, 125.348
97, 0, 0.25, 8, 33, 80, 87, 82, 97.1133
97, 0, 0.25, 9, 97, 88, 87, 82, 125.12
98, 0, 0.25, 0, 59, 55, 87, 82, 98.1988
98, 0, 0.25, 1, 62, 34, 87, 82, 90.4544
98, 0, 0.25, 2, 87, 31, 87, 82, 100.553
98, 0, 0.25, 3, 10, 92, 87, 82, 91.7279
98, 0, 0.25, 4, 69, 55, 87, 82, 102.533
98, 0, 0.25, 5, 9, 87, 87, 82, 88.9775
98, 0, 0.25, 6, 92, 66, 87, 82, 115.827
98, 0, 0.25, 7, 92, 94, 87, 82, 125.348
98, 0, 0.25, 8, 33, 80, 87, 82, 97.1133
98, 0, 0.25, 9, 97, 88, 87, 82, 125.12
99, 0, 0.25, 0, 59, 55, 87, 82, 98.1988
99, 0, 0.25, 1, 62, 34, 87, 82, 90.4544
99, 0, 0.25, 2, 87, 31, 87, 82, 100.553
99, 0, 0.25, 3, 10, 92, 87, 82, 91.7279
99, 0, 0.25, 4, 69, 55, 87, 82, 102.533
99, 0, 0.25, 5, 9, 87, 87, 82, 88.9775
99, 0, 0.25, 6, 92, 66, 87, 82, 115.827
99, 0, 0.25, 7, 92, 94, 87, 82, 125.348
99, 0, 0.25, 8, 33, 80, 87, 82, 97.1133
99, 0, 0.25, 9, 97, 88, 87, 82, 125.12
100, 0, 0.25, 0, 59, 55, 87, 82, 98.1988
100, 0, 0.25, 1, 62, 34, 87, 82, 90.4544
100, 0, 0.25, 2, 87, 31, 87, 82, 100.553
100, 0, 0.25, 3, 10, 92, 87, 82, 91.7279
100, 0, 0.25, 4, 69, 55, 87, 82, 102.533
100, 0, 0.25, 5, 9, 87, 87, 82, 88.9775
100, 0, 0.25, 6, 92, 66, 87, 82, 115.827
100, 0, 0.25, 7, 92, 94, 87, 82, 125.348
100, 0, 0.25, 8, 33, 80, 87, 82, 97.1133
100, 0, 0.25, 9, 97, 88, 87, 82, 125.12
