Time, GoodsNb, price, CustoNb, PosX_cust, PosY_cust, PosX_stor, PosY_stor, Dist
1, 0, 0, -0.314274, 20, 87, 82, 
1, 0, 0, -0.314274, 20, 87, 82, 
1, 0, 0, -0.314274, 20, 87, 82, 
1, 0, 0, -0.314274, 20, 87, 82, 
1, 0, 0, -0.314274, 20, 87, 82, 
1, 0, 0, -0.314274, 20, 87, 82, 
1, 0, 0, -0.314274, 20, 87, 82, 
1, 0, 0, -0.314274, 20, 87, 82, 
1, 0, 0, -0.314274, 20, 87, 82, 
1, 0, 0, -0.314274, 20, 87, 82, 
2, 0, 0, -0.314274, 20, 87, 82, 
2, 0, 0, -0.314274, 20, 87, 82, 
2, 0, 0, -0.314274, 20, 87, 82, 
2, 0, 0, -0.314274, 20, 87, 82, 
2, 0, 0, -0.314274, 20, 87, 82, 
2, 0, 0, -0.314274, 20, 87, 82, 
2, 0, 0, -0.314274, 20, 87, 82, 
2, 0, 0, -0.314274, 20, 87, 82, 
2, 0, 0, -0.314274, 20, 87, 82, 
2, 0, 0, -0.314274, 20, 87, 82, 
3, 0, 0, -0.314274, 20, 87, 82, 
3, 0, 0, -0.314274, 20, 87, 82, 
3, 0, 0, -0.314274, 20, 87, 82, 
3, 0, 0, -0.314274, 20, 87, 82, 
3, 0, 0, -0.314274, 20, 87, 82, 
3, 0, 0, -0.314274, 20, 87, 82, 
3, 0, 0, -0.314274, 20, 87, 82, 
3, 0, 0, -0.314274, 20, 87, 82, 
3, 0, 0, -0.314274, 20, 87, 82, 
3, 0, 0, -0.314274, 20, 87, 82, 
4, 0, 0, -0.314274, 20, 87, 82, 
4, 0, 0, -0.314274, 20, 87, 82, 
4, 0, 0, -0.314274, 20, 87, 82, 
4, 0, 0, -0.314274, 20, 87, 82, 
4, 0, 0, -0.314274, 20, 87, 82, 
4, 0, 0, -0.314274, 20, 87, 82, 
4, 0, 0, -0.314274, 20, 87, 82, 
4, 0, 0, -0.314274, 20, 87, 82, 
4, 0, 0, -0.314274, 20, 87, 82, 
4, 0, 0, -0.314274, 20, 87, 82, 
5, 0, 0, -0.314274, 20, 87, 82, 
5, 0, 0, -0.314274, 20, 87, 82, 
5, 0, 0, -0.314274, 20, 87, 82, 
5, 0, 0, -0.314274, 20, 87, 82, 
5, 0, 0, -0.314274, 20, 87, 82, 
5, 0, 0, -0.314274, 20, 87, 82, 
5, 0, 0, -0.314274, 20, 87, 82, 
5, 0, 0, -0.314274, 20, 87, 82, 
5, 0, 0, -0.314274, 20, 87, 82, 
5, 0, 0, -0.314274, 20, 87, 82, 
6, 0, 0, -0.314274, 20, 87, 82, 
6, 0, 0, -0.314274, 20, 87, 82, 
6, 0, 0, -0.314274, 20, 87, 82, 
6, 0, 0, -0.314274, 20, 87, 82, 
6, 0, 0, -0.314274, 20, 87, 82, 
6, 0, 0, -0.314274, 20, 87, 82, 
6, 0, 0, -0.314274, 20, 87, 82, 
6, 0, 0, -0.314274, 20, 87, 82, 
6, 0, 0, -0.314274, 20, 87, 82, 
6, 0, 0, -0.314274, 20, 87, 82, 
7, 0, 0, -0.314274, 20, 87, 82, 
7, 0, 0, -0.314274, 20, 87, 82, 
7, 0, 0, -0.314274, 20, 87, 82, 
7, 0, 0, -0.314274, 20, 87, 82, 
7, 0, 0, -0.314274, 20, 87, 82, 
7, 0, 0, -0.314274, 20, 87, 82, 
7, 0, 0, -0.314274, 20, 87, 82, 
7, 0, 0, -0.314274, 20, 87, 82, 
7, 0, 0, -0.314274, 20, 87, 82, 
7, 0, 0, -0.314274, 20, 87, 82, 
8, 0, 0, -0.314274, 20, 87, 82, 
8, 0, 0, -0.314274, 20, 87, 82, 
8, 0, 0, -0.314274, 20, 87, 82, 
8, 0, 0, -0.314274, 20, 87, 82, 
8, 0, 0, -0.314274, 20, 87, 82, 
8, 0, 0, -0.314274, 20, 87, 82, 
8, 0, 0, -0.314274, 20, 87, 82, 
8, 0, 0, -0.314274, 20, 87, 82, 
8, 0, 0, -0.314274, 20, 87, 82, 
8, 0, 0, -0.314274, 20, 87, 82, 
9, 0, 0, -0.314274, 20, 87, 82, 
9, 0, 0, -0.314274, 20, 87, 82, 
9, 0, 0, -0.314274, 20, 87, 82, 
9, 0, 0, -0.314274, 20, 87, 82, 
9, 0, 0, -0.314274, 20, 87, 82, 
9, 0, 0, -0.314274, 20, 87, 82, 
9, 0, 0, -0.314274, 20, 87, 82, 
9, 0, 0, -0.314274, 20, 87, 82, 
9, 0, 0, -0.314274, 20, 87, 82, 
9, 0, 0, -0.314274, 20, 87, 82, 
10, 0, 0, -0.314274, 20, 87, 82, 
10, 0, 0, -0.314274, 20, 87, 82, 
10, 0, 0, -0.314274, 20, 87, 82, 
10, 0, 0, -0.314274, 20, 87, 82, 
10, 0, 0, -0.314274, 20, 87, 82, 
10, 0, 0, -0.314274, 20, 87, 82, 
10, 0, 0, -0.314274, 20, 87, 82, 
10, 0, 0, -0.314274, 20, 87, 82, 
10, 0, 0, -0.314274, 20, 87, 82, 
10, 0, 0, -0.314274, 20, 87, 82, 
11, 0, 0, -0.314274, 20, 87, 82, 
11, 0, 0, -0.314274, 20, 87, 82, 
11, 0, 0, -0.314274, 20, 87, 82, 
11, 0, 0, -0.314274, 20, 87, 82, 
11, 0, 0, -0.314274, 20, 87, 82, 
11, 0, 0, -0.314274, 20, 87, 82, 
11, 0, 0, -0.314274, 20, 87, 82, 
11, 0, 0, -0.314274, 20, 87, 82, 
11, 0, 0, -0.314274, 20, 87, 82, 
11, 0, 0, -0.314274, 20, 87, 82, 
12, 0, 0, -0.314274, 20, 87, 82, 
12, 0, 0, -0.314274, 20, 87, 82, 
12, 0, 0, -0.314274, 20, 87, 82, 
12, 0, 0, -0.314274, 20, 87, 82, 
12, 0, 0, -0.314274, 20, 87, 82, 
12, 0, 0, -0.314274, 20, 87, 82, 
12, 0, 0, -0.314274, 20, 87, 82, 
12, 0, 0, -0.314274, 20, 87, 82, 
12, 0, 0, -0.314274, 20, 87, 82, 
12, 0, 0, -0.314274, 20, 87, 82, 
13, 0, 0, -0.314274, 20, 87, 82, 
13, 0, 0, -0.314274, 20, 87, 82, 
13, 0, 0, -0.314274, 20, 87, 82, 
13, 0, 0, -0.314274, 20, 87, 82, 
13, 0, 0, -0.314274, 20, 87, 82, 
13, 0, 0, -0.314274, 20, 87, 82, 
13, 0, 0, -0.314274, 20, 87, 82, 
13, 0, 0, -0.314274, 20, 87, 82, 
13, 0, 0, -0.314274, 20, 87, 82, 
13, 0, 0, -0.314274, 20, 87, 82, 
14, 0, 0, -0.314274, 20, 87, 82, 
14, 0, 0, -0.314274, 20, 87, 82, 
14, 0, 0, -0.314274, 20, 87, 82, 
14, 0, 0, -0.314274, 20, 87, 82, 
14, 0, 0, -0.314274, 20, 87, 82, 
14, 0, 0, -0.314274, 20, 87, 82, 
14, 0, 0, -0.314274, 20, 87, 82, 
14, 0, 0, -0.314274, 20, 87, 82, 
14, 0, 0, -0.314274, 20, 87, 82, 
14, 0, 0, -0.314274, 20, 87, 82, 
15, 0, 0, -0.314274, 20, 87, 82, 
15, 0, 0, -0.314274, 20, 87, 82, 
15, 0, 0, -0.314274, 20, 87, 82, 
15, 0, 0, -0.314274, 20, 87, 82, 
15, 0, 0, -0.314274, 20, 87, 82, 
15, 0, 0, -0.314274, 20, 87, 82, 
15, 0, 0, -0.314274, 20, 87, 82, 
15, 0, 0, -0.314274, 20, 87, 82, 
15, 0, 0, -0.314274, 20, 87, 82, 
15, 0, 0, -0.314274, 20, 87, 82, 
16, 0, 0, -0.314274, 20, 87, 82, 
16, 0, 0, -0.314274, 20, 87, 82, 
16, 0, 0, -0.314274, 20, 87, 82, 
16, 0, 0, -0.314274, 20, 87, 82, 
16, 0, 0, -0.314274, 20, 87, 82, 
16, 0, 0, -0.314274, 20, 87, 82, 
16, 0, 0, -0.314274, 20, 87, 82, 
16, 0, 0, -0.314274, 20, 87, 82, 
16, 0, 0, -0.314274, 20, 87, 82, 
16, 0, 0, -0.314274, 20, 87, 82, 
17, 0, 0, -0.314274, 20, 87, 82, 
17, 0, 0, -0.314274, 20, 87, 82, 
17, 0, 0, -0.314274, 20, 87, 82, 
17, 0, 0, -0.314274, 20, 87, 82, 
17, 0, 0, -0.314274, 20, 87, 82, 
17, 0, 0, -0.314274, 20, 87, 82, 
17, 0, 0, -0.314274, 20, 87, 82, 
17, 0, 0, -0.314274, 20, 87, 82, 
17, 0, 0, -0.314274, 20, 87, 82, 
17, 0, 0, -0.314274, 20, 87, 82, 
18, 0, 0, -0.314274, 20, 87, 82, 
18, 0, 0, -0.314274, 20, 87, 82, 
18, 0, 0, -0.314274, 20, 87, 82, 
18, 0, 0, -0.314274, 20, 87, 82, 
18, 0, 0, -0.314274, 20, 87, 82, 
18, 0, 0, -0.314274, 20, 87, 82, 
18, 0, 0, -0.314274, 20, 87, 82, 
18, 0, 0, -0.314274, 20, 87, 82, 
18, 0, 0, -0.314274, 20, 87, 82, 
18, 0, 0, -0.314274, 20, 87, 82, 
19, 0, 0, -0.314274, 20, 87, 82, 
19, 0, 0, -0.314274, 20, 87, 82, 
19, 0, 0, -0.314274, 20, 87, 82, 
19, 0, 0, -0.314274, 20, 87, 82, 
19, 0, 0, -0.314274, 20, 87, 82, 
19, 0, 0, -0.314274, 20, 87, 82, 
19, 0, 0, -0.314274, 20, 87, 82, 
19, 0, 0, -0.314274, 20, 87, 82, 
19, 0, 0, -0.314274, 20, 87, 82, 
19, 0, 0, -0.314274, 20, 87, 82, 
20, 0, 0, -0.314274, 20, 87, 82, 
20, 0, 0, -0.314274, 20, 87, 82, 
20, 0, 0, -0.314274, 20, 87, 82, 
20, 0, 0, -0.314274, 20, 87, 82, 
20, 0, 0, -0.314274, 20, 87, 82, 
20, 0, 0, -0.314274, 20, 87, 82, 
20, 0, 0, -0.314274, 20, 87, 82, 
20, 0, 0, -0.314274, 20, 87, 82, 
20, 0, 0, -0.314274, 20, 87, 82, 
20, 0, 0, -0.314274, 20, 87, 82, 
21, 0, 0, -0.314274, 20, 87, 82, 
21, 0, 0, -0.314274, 20, 87, 82, 
21, 0, 0, -0.314274, 20, 87, 82, 
21, 0, 0, -0.314274, 20, 87, 82, 
21, 0, 0, -0.314274, 20, 87, 82, 
21, 0, 0, -0.314274, 20, 87, 82, 
21, 0, 0, -0.314274, 20, 87, 82, 
21, 0, 0, -0.314274, 20, 87, 82, 
21, 0, 0, -0.314274, 20, 87, 82, 
21, 0, 0, -0.314274, 20, 87, 82, 
22, 0, 0, -0.314274, 20, 87, 82, 
22, 0, 0, -0.314274, 20, 87, 82, 
22, 0, 0, -0.314274, 20, 87, 82, 
22, 0, 0, -0.314274, 20, 87, 82, 
22, 0, 0, -0.314274, 20, 87, 82, 
22, 0, 0, -0.314274, 20, 87, 82, 
22, 0, 0, -0.314274, 20, 87, 82, 
22, 0, 0, -0.314274, 20, 87, 82, 
22, 0, 0, -0.314274, 20, 87, 82, 
22, 0, 0, -0.314274, 20, 87, 82, 
23, 0, 0, -0.314274, 20, 87, 82, 
23, 0, 0, -0.314274, 20, 87, 82, 
23, 0, 0, -0.314274, 20, 87, 82, 
23, 0, 0, -0.314274, 20, 87, 82, 
23, 0, 0, -0.314274, 20, 87, 82, 
23, 0, 0, -0.314274, 20, 87, 82, 
23, 0, 0, -0.314274, 20, 87, 82, 
23, 0, 0, -0.314274, 20, 87, 82, 
23, 0, 0, -0.314274, 20, 87, 82, 
23, 0, 0, -0.314274, 20, 87, 82, 
24, 0, 0, -0.314274, 20, 87, 82, 
24, 0, 0, -0.314274, 20, 87, 82, 
24, 0, 0, -0.314274, 20, 87, 82, 
24, 0, 0, -0.314274, 20, 87, 82, 
24, 0, 0, -0.314274, 20, 87, 82, 
24, 0, 0, -0.314274, 20, 87, 82, 
24, 0, 0, -0.314274, 20, 87, 82, 
24, 0, 0, -0.314274, 20, 87, 82, 
24, 0, 0, -0.314274, 20, 87, 82, 
24, 0, 0, -0.314274, 20, 87, 82, 
25, 0, 0, -0.314274, 20, 87, 82, 
25, 0, 0, -0.314274, 20, 87, 82, 
25, 0, 0, -0.314274, 20, 87, 82, 
25, 0, 0, -0.314274, 20, 87, 82, 
25, 0, 0, -0.314274, 20, 87, 82, 
25, 0, 0, -0.314274, 20, 87, 82, 
25, 0, 0, -0.314274, 20, 87, 82, 
25, 0, 0, -0.314274, 20, 87, 82, 
25, 0, 0, -0.314274, 20, 87, 82, 
25, 0, 0, -0.314274, 20, 87, 82, 
26, 0, 0, -0.314274, 20, 87, 82, 
26, 0, 0, -0.314274, 20, 87, 82, 
26, 0, 0, -0.314274, 20, 87, 82, 
26, 0, 0, -0.314274, 20, 87, 82, 
26, 0, 0, -0.314274, 20, 87, 82, 
26, 0, 0, -0.314274, 20, 87, 82, 
26, 0, 0, -0.314274, 20, 87, 82, 
26, 0, 0, -0.314274, 20, 87, 82, 
26, 0, 0, -0.314274, 20, 87, 82, 
26, 0, 0, -0.314274, 20, 87, 82, 
27, 0, 0, -0.314274, 20, 87, 82, 
27, 0, 0, -0.314274, 20, 87, 82, 
27, 0, 0, -0.314274, 20, 87, 82, 
27, 0, 0, -0.314274, 20, 87, 82, 
27, 0, 0, -0.314274, 20, 87, 82, 
27, 0, 0, -0.314274, 20, 87, 82, 
27, 0, 0, -0.314274, 20, 87, 82, 
27, 0, 0, -0.314274, 20, 87, 82, 
27, 0, 0, -0.314274, 20, 87, 82, 
27, 0, 0, -0.314274, 20, 87, 82, 
28, 0, 0, -0.314274, 20, 87, 82, 
28, 0, 0, -0.314274, 20, 87, 82, 
28, 0, 0, -0.314274, 20, 87, 82, 
28, 0, 0, -0.314274, 20, 87, 82, 
28, 0, 0, -0.314274, 20, 87, 82, 
28, 0, 0, -0.314274, 20, 87, 82, 
28, 0, 0, -0.314274, 20, 87, 82, 
28, 0, 0, -0.314274, 20, 87, 82, 
28, 0, 0, -0.314274, 20, 87, 82, 
28, 0, 0, -0.314274, 20, 87, 82, 
29, 0, 0, -0.314274, 20, 87, 82, 
29, 0, 0, -0.314274, 20, 87, 82, 
29, 0, 0, -0.314274, 20, 87, 82, 
29, 0, 0, -0.314274, 20, 87, 82, 
29, 0, 0, -0.314274, 20, 87, 82, 
29, 0, 0, -0.314274, 20, 87, 82, 
29, 0, 0, -0.314274, 20, 87, 82, 
29, 0, 0, -0.314274, 20, 87, 82, 
29, 0, 0, -0.314274, 20, 87, 82, 
29, 0, 0, -0.314274, 20, 87, 82, 
30, 0, 0, -0.314274, 20, 87, 82, 
30, 0, 0, -0.314274, 20, 87, 82, 
30, 0, 0, -0.314274, 20, 87, 82, 
30, 0, 0, -0.314274, 20, 87, 82, 
30, 0, 0, -0.314274, 20, 87, 82, 
30, 0, 0, -0.314274, 20, 87, 82, 
30, 0, 0, -0.314274, 20, 87, 82, 
30, 0, 0, -0.314274, 20, 87, 82, 
30, 0, 0, -0.314274, 20, 87, 82, 
30, 0, 0, -0.314274, 20, 87, 82, 
31, 0, 0, -0.314274, 20, 87, 82, 
31, 0, 0, -0.314274, 20, 87, 82, 
31, 0, 0, -0.314274, 20, 87, 82, 
31, 0, 0, -0.314274, 20, 87, 82, 
31, 0, 0, -0.314274, 20, 87, 82, 
31, 0, 0, -0.314274, 20, 87, 82, 
31, 0, 0, -0.314274, 20, 87, 82, 
31, 0, 0, -0.314274, 20, 87, 82, 
31, 0, 0, -0.314274, 20, 87, 82, 
31, 0, 0, -0.314274, 20, 87, 82, 
32, 0, 0, -0.314274, 20, 87, 82, 
32, 0, 0, -0.314274, 20, 87, 82, 
32, 0, 0, -0.314274, 20, 87, 82, 
32, 0, 0, -0.314274, 20, 87, 82, 
32, 0, 0, -0.314274, 20, 87, 82, 
32, 0, 0, -0.314274, 20, 87, 82, 
32, 0, 0, -0.314274, 20, 87, 82, 
32, 0, 0, -0.314274, 20, 87, 82, 
32, 0, 0, -0.314274, 20, 87, 82, 
32, 0, 0, -0.314274, 20, 87, 82, 
33, 0, 0, -0.314274, 20, 87, 82, 
33, 0, 0, -0.314274, 20, 87, 82, 
33, 0, 0, -0.314274, 20, 87, 82, 
33, 0, 0, -0.314274, 20, 87, 82, 
33, 0, 0, -0.314274, 20, 87, 82, 
33, 0, 0, -0.314274, 20, 87, 82, 
33, 0, 0, -0.314274, 20, 87, 82, 
33, 0, 0, -0.314274, 20, 87, 82, 
33, 0, 0, -0.314274, 20, 87, 82, 
33, 0, 0, -0.314274, 20, 87, 82, 
34, 0, 0, -0.314274, 20, 87, 82, 
34, 0, 0, -0.314274, 20, 87, 82, 
34, 0, 0, -0.314274, 20, 87, 82, 
34, 0, 0, -0.314274, 20, 87, 82, 
34, 0, 0, -0.314274, 20, 87, 82, 
34, 0, 0, -0.314274, 20, 87, 82, 
34, 0, 0, -0.314274, 20, 87, 82, 
34, 0, 0, -0.314274, 20, 87, 82, 
34, 0, 0, -0.314274, 20, 87, 82, 
34, 0, 0, -0.314274, 20, 87, 82, 
35, 0, 0, -0.314274, 20, 87, 82, 
35, 0, 0, -0.314274, 20, 87, 82, 
35, 0, 0, -0.314274, 20, 87, 82, 
35, 0, 0, -0.314274, 20, 87, 82, 
35, 0, 0, -0.314274, 20, 87, 82, 
35, 0, 0, -0.314274, 20, 87, 82, 
35, 0, 0, -0.314274, 20, 87, 82, 
35, 0, 0, -0.314274, 20, 87, 82, 
35, 0, 0, -0.314274, 20, 87, 82, 
35, 0, 0, -0.314274, 20, 87, 82, 
36, 0, 0, -0.314274, 20, 87, 82, 
36, 0, 0, -0.314274, 20, 87, 82, 
36, 0, 0, -0.314274, 20, 87, 82, 
36, 0, 0, -0.314274, 20, 87, 82, 
36, 0, 0, -0.314274, 20, 87, 82, 
36, 0, 0, -0.314274, 20, 87, 82, 
36, 0, 0, -0.314274, 20, 87, 82, 
36, 0, 0, -0.314274, 20, 87, 82, 
36, 0, 0, -0.314274, 20, 87, 82, 
36, 0, 0, -0.314274, 20, 87, 82, 
37, 0, 0, -0.314274, 20, 87, 82, 
37, 0, 0, -0.314274, 20, 87, 82, 
37, 0, 0, -0.314274, 20, 87, 82, 
37, 0, 0, -0.314274, 20, 87, 82, 
37, 0, 0, -0.314274, 20, 87, 82, 
37, 0, 0, -0.314274, 20, 87, 82, 
37, 0, 0, -0.314274, 20, 87, 82, 
37, 0, 0, -0.314274, 20, 87, 82, 
37, 0, 0, -0.314274, 20, 87, 82, 
37, 0, 0, -0.314274, 20, 87, 82, 
38, 0, 0, -0.314274, 20, 87, 82, 
38, 0, 0, -0.314274, 20, 87, 82, 
38, 0, 0, -0.314274, 20, 87, 82, 
38, 0, 0, -0.314274, 20, 87, 82, 
38, 0, 0, -0.314274, 20, 87, 82, 
38, 0, 0, -0.314274, 20, 87, 82, 
38, 0, 0, -0.314274, 20, 87, 82, 
38, 0, 0, -0.314274, 20, 87, 82, 
38, 0, 0, -0.314274, 20, 87, 82, 
38, 0, 0, -0.314274, 20, 87, 82, 
39, 0, 0, -0.314274, 20, 87, 82, 
39, 0, 0, -0.314274, 20, 87, 82, 
39, 0, 0, -0.314274, 20, 87, 82, 
39, 0, 0, -0.314274, 20, 87, 82, 
39, 0, 0, -0.314274, 20, 87, 82, 
39, 0, 0, -0.314274, 20, 87, 82, 
39, 0, 0, -0.314274, 20, 87, 82, 
39, 0, 0, -0.314274, 20, 87, 82, 
39, 0, 0, -0.314274, 20, 87, 82, 
39, 0, 0, -0.314274, 20, 87, 82, 
40, 0, 0, -0.314274, 20, 87, 82, 
40, 0, 0, -0.314274, 20, 87, 82, 
40, 0, 0, -0.314274, 20, 87, 82, 
40, 0, 0, -0.314274, 20, 87, 82, 
40, 0, 0, -0.314274, 20, 87, 82, 
40, 0, 0, -0.314274, 20, 87, 82, 
40, 0, 0, -0.314274, 20, 87, 82, 
40, 0, 0, -0.314274, 20, 87, 82, 
40, 0, 0, -0.314274, 20, 87, 82, 
40, 0, 0, -0.314274, 20, 87, 82, 
41, 0, 0, -0.314274, 20, 87, 82, 
41, 0, 0, -0.314274, 20, 87, 82, 
41, 0, 0, -0.314274, 20, 87, 82, 
41, 0, 0, -0.314274, 20, 87, 82, 
41, 0, 0, -0.314274, 20, 87, 82, 
41, 0, 0, -0.314274, 20, 87, 82, 
41, 0, 0, -0.314274, 20, 87, 82, 
41, 0, 0, -0.314274, 20, 87, 82, 
41, 0, 0, -0.314274, 20, 87, 82, 
41, 0, 0, -0.314274, 20, 87, 82, 
42, 0, 0, -0.314274, 20, 87, 82, 
42, 0, 0, -0.314274, 20, 87, 82, 
42, 0, 0, -0.314274, 20, 87, 82, 
42, 0, 0, -0.314274, 20, 87, 82, 
42, 0, 0, -0.314274, 20, 87, 82, 
42, 0, 0, -0.314274, 20, 87, 82, 
42, 0, 0, -0.314274, 20, 87, 82, 
42, 0, 0, -0.314274, 20, 87, 82, 
42, 0, 0, -0.314274, 20, 87, 82, 
42, 0, 0, -0.314274, 20, 87, 82, 
43, 0, 0, -0.314274, 20, 87, 82, 
43, 0, 0, -0.314274, 20, 87, 82, 
43, 0, 0, -0.314274, 20, 87, 82, 
43, 0, 0, -0.314274, 20, 87, 82, 
43, 0, 0, -0.314274, 20, 87, 82, 
43, 0, 0, -0.314274, 20, 87, 82, 
43, 0, 0, -0.314274, 20, 87, 82, 
43, 0, 0, -0.314274, 20, 87, 82, 
43, 0, 0, -0.314274, 20, 87, 82, 
43, 0, 0, -0.314274, 20, 87, 82, 
44, 0, 0, -0.314274, 20, 87, 82, 
44, 0, 0, -0.314274, 20, 87, 82, 
44, 0, 0, -0.314274, 20, 87, 82, 
44, 0, 0, -0.314274, 20, 87, 82, 
44, 0, 0, -0.314274, 20, 87, 82, 
44, 0, 0, -0.314274, 20, 87, 82, 
44, 0, 0, -0.314274, 20, 87, 82, 
44, 0, 0, -0.314274, 20, 87, 82, 
44, 0, 0, -0.314274, 20, 87, 82, 
44, 0, 0, -0.314274, 20, 87, 82, 
45, 0, 0, -0.314274, 20, 87, 82, 
45, 0, 0, -0.314274, 20, 87, 82, 
45, 0, 0, -0.314274, 20, 87, 82, 
45, 0, 0, -0.314274, 20, 87, 82, 
45, 0, 0, -0.314274, 20, 87, 82, 
45, 0, 0, -0.314274, 20, 87, 82, 
45, 0, 0, -0.314274, 20, 87, 82, 
45, 0, 0, -0.314274, 20, 87, 82, 
45, 0, 0, -0.314274, 20, 87, 82, 
45, 0, 0, -0.314274, 20, 87, 82, 
46, 0, 0, -0.314274, 20, 87, 82, 
46, 0, 0, -0.314274, 20, 87, 82, 
46, 0, 0, -0.314274, 20, 87, 82, 
46, 0, 0, -0.314274, 20, 87, 82, 
46, 0, 0, -0.314274, 20, 87, 82, 
46, 0, 0, -0.314274, 20, 87, 82, 
46, 0, 0, -0.314274, 20, 87, 82, 
46, 0, 0, -0.314274, 20, 87, 82, 
46, 0, 0, -0.314274, 20, 87, 82, 
46, 0, 0, -0.314274, 20, 87, 82, 
47, 0, 0, -0.314274, 20, 87, 82, 
47, 0, 0, -0.314274, 20, 87, 82, 
47, 0, 0, -0.314274, 20, 87, 82, 
47, 0, 0, -0.314274, 20, 87, 82, 
47, 0, 0, -0.314274, 20, 87, 82, 
47, 0, 0, -0.314274, 20, 87, 82, 
47, 0, 0, -0.314274, 20, 87, 82, 
47, 0, 0, -0.314274, 20, 87, 82, 
47, 0, 0, -0.314274, 20, 87, 82, 
47, 0, 0, -0.314274, 20, 87, 82, 
48, 0, 0, -0.314274, 20, 87, 82, 
48, 0, 0, -0.314274, 20, 87, 82, 
48, 0, 0, -0.314274, 20, 87, 82, 
48, 0, 0, -0.314274, 20, 87, 82, 
48, 0, 0, -0.314274, 20, 87, 82, 
48, 0, 0, -0.314274, 20, 87, 82, 
48, 0, 0, -0.314274, 20, 87, 82, 
48, 0, 0, -0.314274, 20, 87, 82, 
48, 0, 0, -0.314274, 20, 87, 82, 
48, 0, 0, -0.314274, 20, 87, 82, 
49, 0, 0, -0.314274, 20, 87, 82, 
49, 0, 0, -0.314274, 20, 87, 82, 
49, 0, 0, -0.314274, 20, 87, 82, 
49, 0, 0, -0.314274, 20, 87, 82, 
49, 0, 0, -0.314274, 20, 87, 82, 
49, 0, 0, -0.314274, 20, 87, 82, 
49, 0, 0, -0.314274, 20, 87, 82, 
49, 0, 0, -0.314274, 20, 87, 82, 
49, 0, 0, -0.314274, 20, 87, 82, 
49, 0, 0, -0.314274, 20, 87, 82, 
50, 0, 0, -0.314274, 20, 87, 82, 
50, 0, 0, -0.314274, 20, 87, 82, 
50, 0, 0, -0.314274, 20, 87, 82, 
50, 0, 0, -0.314274, 20, 87, 82, 
50, 0, 0, -0.314274, 20, 87, 82, 
50, 0, 0, -0.314274, 20, 87, 82, 
50, 0, 0, -0.314274, 20, 87, 82, 
50, 0, 0, -0.314274, 20, 87, 82, 
50, 0, 0, -0.314274, 20, 87, 82, 
50, 0, 0, -0.314274, 20, 87, 82, 
51, 0, 0, -0.314274, 20, 87, 82, 
51, 0, 0, -0.314274, 20, 87, 82, 
51, 0, 0, -0.314274, 20, 87, 82, 
51, 0, 0, -0.314274, 20, 87, 82, 
51, 0, 0, -0.314274, 20, 87, 82, 
51, 0, 0, -0.314274, 20, 87, 82, 
51, 0, 0, -0.314274, 20, 87, 82, 
51, 0, 0, -0.314274, 20, 87, 82, 
51, 0, 0, -0.314274, 20, 87, 82, 
51, 0, 0, -0.314274, 20, 87, 82, 
52, 0, 0, -0.314274, 20, 87, 82, 
52, 0, 0, -0.314274, 20, 87, 82, 
52, 0, 0, -0.314274, 20, 87, 82, 
52, 0, 0, -0.314274, 20, 87, 82, 
52, 0, 0, -0.314274, 20, 87, 82, 
52, 0, 0, -0.314274, 20, 87, 82, 
52, 0, 0, -0.314274, 20, 87, 82, 
52, 0, 0, -0.314274, 20, 87, 82, 
52, 0, 0, -0.314274, 20, 87, 82, 
52, 0, 0, -0.314274, 20, 87, 82, 
53, 0, 0, -0.314274, 20, 87, 82, 
53, 0, 0, -0.314274, 20, 87, 82, 
53, 0, 0, -0.314274, 20, 87, 82, 
53, 0, 0, -0.314274, 20, 87, 82, 
53, 0, 0, -0.314274, 20, 87, 82, 
53, 0, 0, -0.314274, 20, 87, 82, 
53, 0, 0, -0.314274, 20, 87, 82, 
53, 0, 0, -0.314274, 20, 87, 82, 
53, 0, 0, -0.314274, 20, 87, 82, 
53, 0, 0, -0.314274, 20, 87, 82, 
54, 0, 0, -0.314274, 20, 87, 82, 
54, 0, 0, -0.314274, 20, 87, 82, 
54, 0, 0, -0.314274, 20, 87, 82, 
54, 0, 0, -0.314274, 20, 87, 82, 
54, 0, 0, -0.314274, 20, 87, 82, 
54, 0, 0, -0.314274, 20, 87, 82, 
54, 0, 0, -0.314274, 20, 87, 82, 
54, 0, 0, -0.314274, 20, 87, 82, 
54, 0, 0, -0.314274, 20, 87, 82, 
54, 0, 0, -0.314274, 20, 87, 82, 
55, 0, 0, -0.314274, 20, 87, 82, 
55, 0, 0, -0.314274, 20, 87, 82, 
55, 0, 0, -0.314274, 20, 87, 82, 
55, 0, 0, -0.314274, 20, 87, 82, 
55, 0, 0, -0.314274, 20, 87, 82, 
55, 0, 0, -0.314274, 20, 87, 82, 
55, 0, 0, -0.314274, 20, 87, 82, 
55, 0, 0, -0.314274, 20, 87, 82, 
55, 0, 0, -0.314274, 20, 87, 82, 
55, 0, 0, -0.314274, 20, 87, 82, 
56, 0, 0, -0.314274, 20, 87, 82, 
56, 0, 0, -0.314274, 20, 87, 82, 
56, 0, 0, -0.314274, 20, 87, 82, 
56, 0, 0, -0.314274, 20, 87, 82, 
56, 0, 0, -0.314274, 20, 87, 82, 
56, 0, 0, -0.314274, 20, 87, 82, 
56, 0, 0, -0.314274, 20, 87, 82, 
56, 0, 0, -0.314274, 20, 87, 82, 
56, 0, 0, -0.314274, 20, 87, 82, 
56, 0, 0, -0.314274, 20, 87, 82, 
57, 0, 0, -0.314274, 20, 87, 82, 
57, 0, 0, -0.314274, 20, 87, 82, 
57, 0, 0, -0.314274, 20, 87, 82, 
57, 0, 0, -0.314274, 20, 87, 82, 
57, 0, 0, -0.314274, 20, 87, 82, 
57, 0, 0, -0.314274, 20, 87, 82, 
57, 0, 0, -0.314274, 20, 87, 82, 
57, 0, 0, -0.314274, 20, 87, 82, 
57, 0, 0, -0.314274, 20, 87, 82, 
57, 0, 0, -0.314274, 20, 87, 82, 
58, 0, 0, -0.314274, 20, 87, 82, 
58, 0, 0, -0.314274, 20, 87, 82, 
58, 0, 0, -0.314274, 20, 87, 82, 
58, 0, 0, -0.314274, 20, 87, 82, 
58, 0, 0, -0.314274, 20, 87, 82, 
58, 0, 0, -0.314274, 20, 87, 82, 
58, 0, 0, -0.314274, 20, 87, 82, 
58, 0, 0, -0.314274, 20, 87, 82, 
58, 0, 0, -0.314274, 20, 87, 82, 
58, 0, 0, -0.314274, 20, 87, 82, 
59, 0, 0, -0.314274, 20, 87, 82, 
59, 0, 0, -0.314274, 20, 87, 82, 
59, 0, 0, -0.314274, 20, 87, 82, 
59, 0, 0, -0.314274, 20, 87, 82, 
59, 0, 0, -0.314274, 20, 87, 82, 
59, 0, 0, -0.314274, 20, 87, 82, 
59, 0, 0, -0.314274, 20, 87, 82, 
59, 0, 0, -0.314274, 20, 87, 82, 
59, 0, 0, -0.314274, 20, 87, 82, 
59, 0, 0, -0.314274, 20, 87, 82, 
60, 0, 0, -0.314274, 20, 87, 82, 
60, 0, 0, -0.314274, 20, 87, 82, 
60, 0, 0, -0.314274, 20, 87, 82, 
60, 0, 0, -0.314274, 20, 87, 82, 
60, 0, 0, -0.314274, 20, 87, 82, 
60, 0, 0, -0.314274, 20, 87, 82, 
60, 0, 0, -0.314274, 20, 87, 82, 
60, 0, 0, -0.314274, 20, 87, 82, 
60, 0, 0, -0.314274, 20, 87, 82, 
60, 0, 0, -0.314274, 20, 87, 82, 
61, 0, 0, -0.314274, 20, 87, 82, 
61, 0, 0, -0.314274, 20, 87, 82, 
61, 0, 0, -0.314274, 20, 87, 82, 
61, 0, 0, -0.314274, 20, 87, 82, 
61, 0, 0, -0.314274, 20, 87, 82, 
61, 0, 0, -0.314274, 20, 87, 82, 
61, 0, 0, -0.314274, 20, 87, 82, 
61, 0, 0, -0.314274, 20, 87, 82, 
61, 0, 0, -0.314274, 20, 87, 82, 
61, 0, 0, -0.314274, 20, 87, 82, 
62, 0, 0, -0.314274, 20, 87, 82, 
62, 0, 0, -0.314274, 20, 87, 82, 
62, 0, 0, -0.314274, 20, 87, 82, 
62, 0, 0, -0.314274, 20, 87, 82, 
62, 0, 0, -0.314274, 20, 87, 82, 
62, 0, 0, -0.314274, 20, 87, 82, 
62, 0, 0, -0.314274, 20, 87, 82, 
62, 0, 0, -0.314274, 20, 87, 82, 
62, 0, 0, -0.314274, 20, 87, 82, 
62, 0, 0, -0.314274, 20, 87, 82, 
63, 0, 0, -0.314274, 20, 87, 82, 
63, 0, 0, -0.314274, 20, 87, 82, 
63, 0, 0, -0.314274, 20, 87, 82, 
63, 0, 0, -0.314274, 20, 87, 82, 
63, 0, 0, -0.314274, 20, 87, 82, 
63, 0, 0, -0.314274, 20, 87, 82, 
63, 0, 0, -0.314274, 20, 87, 82, 
63, 0, 0, -0.314274, 20, 87, 82, 
63, 0, 0, -0.314274, 20, 87, 82, 
63, 0, 0, -0.314274, 20, 87, 82, 
64, 0, 0, -0.314274, 20, 87, 82, 
64, 0, 0, -0.314274, 20, 87, 82, 
64, 0, 0, -0.314274, 20, 87, 82, 
64, 0, 0, -0.314274, 20, 87, 82, 
64, 0, 0, -0.314274, 20, 87, 82, 
64, 0, 0, -0.314274, 20, 87, 82, 
64, 0, 0, -0.314274, 20, 87, 82, 
64, 0, 0, -0.314274, 20, 87, 82, 
64, 0, 0, -0.314274, 20, 87, 82, 
64, 0, 0, -0.314274, 20, 87, 82, 
65, 0, 0, -0.314274, 20, 87, 82, 
65, 0, 0, -0.314274, 20, 87, 82, 
65, 0, 0, -0.314274, 20, 87, 82, 
65, 0, 0, -0.314274, 20, 87, 82, 
65, 0, 0, -0.314274, 20, 87, 82, 
65, 0, 0, -0.314274, 20, 87, 82, 
65, 0, 0, -0.314274, 20, 87, 82, 
65, 0, 0, -0.314274, 20, 87, 82, 
65, 0, 0, -0.314274, 20, 87, 82, 
65, 0, 0, -0.314274, 20, 87, 82, 
66, 0, 0, -0.314274, 20, 87, 82, 
66, 0, 0, -0.314274, 20, 87, 82, 
66, 0, 0, -0.314274, 20, 87, 82, 
66, 0, 0, -0.314274, 20, 87, 82, 
66, 0, 0, -0.314274, 20, 87, 82, 
66, 0, 0, -0.314274, 20, 87, 82, 
66, 0, 0, -0.314274, 20, 87, 82, 
66, 0, 0, -0.314274, 20, 87, 82, 
66, 0, 0, -0.314274, 20, 87, 82, 
66, 0, 0, -0.314274, 20, 87, 82, 
67, 0, 0, -0.314274, 20, 87, 82, 
67, 0, 0, -0.314274, 20, 87, 82, 
67, 0, 0, -0.314274, 20, 87, 82, 
67, 0, 0, -0.314274, 20, 87, 82, 
67, 0, 0, -0.314274, 20, 87, 82, 
67, 0, 0, -0.314274, 20, 87, 82, 
67, 0, 0, -0.314274, 20, 87, 82, 
67, 0, 0, -0.314274, 20, 87, 82, 
67, 0, 0, -0.314274, 20, 87, 82, 
67, 0, 0, -0.314274, 20, 87, 82, 
68, 0, 0, -0.314274, 20, 87, 82, 
68, 0, 0, -0.314274, 20, 87, 82, 
68, 0, 0, -0.314274, 20, 87, 82, 
68, 0, 0, -0.314274, 20, 87, 82, 
68, 0, 0, -0.314274, 20, 87, 82, 
68, 0, 0, -0.314274, 20, 87, 82, 
68, 0, 0, -0.314274, 20, 87, 82, 
68, 0, 0, -0.314274, 20, 87, 82, 
68, 0, 0, -0.314274, 20, 87, 82, 
68, 0, 0, -0.314274, 20, 87, 82, 
69, 0, 0, -0.314274, 20, 87, 82, 
69, 0, 0, -0.314274, 20, 87, 82, 
69, 0, 0, -0.314274, 20, 87, 82, 
69, 0, 0, -0.314274, 20, 87, 82, 
69, 0, 0, -0.314274, 20, 87, 82, 
69, 0, 0, -0.314274, 20, 87, 82, 
69, 0, 0, -0.314274, 20, 87, 82, 
69, 0, 0, -0.314274, 20, 87, 82, 
69, 0, 0, -0.314274, 20, 87, 82, 
69, 0, 0, -0.314274, 20, 87, 82, 
70, 0, 0, -0.314274, 20, 87, 82, 
70, 0, 0, -0.314274, 20, 87, 82, 
70, 0, 0, -0.314274, 20, 87, 82, 
70, 0, 0, -0.314274, 20, 87, 82, 
70, 0, 0, -0.314274, 20, 87, 82, 
70, 0, 0, -0.314274, 20, 87, 82, 
70, 0, 0, -0.314274, 20, 87, 82, 
70, 0, 0, -0.314274, 20, 87, 82, 
70, 0, 0, -0.314274, 20, 87, 82, 
70, 0, 0, -0.314274, 20, 87, 82, 
71, 0, 0, -0.314274, 20, 87, 82, 
71, 0, 0, -0.314274, 20, 87, 82, 
71, 0, 0, -0.314274, 20, 87, 82, 
71, 0, 0, -0.314274, 20, 87, 82, 
71, 0, 0, -0.314274, 20, 87, 82, 
71, 0, 0, -0.314274, 20, 87, 82, 
71, 0, 0, -0.314274, 20, 87, 82, 
71, 0, 0, -0.314274, 20, 87, 82, 
71, 0, 0, -0.314274, 20, 87, 82, 
71, 0, 0, -0.314274, 20, 87, 82, 
72, 0, 0, -0.314274, 20, 87, 82, 
72, 0, 0, -0.314274, 20, 87, 82, 
72, 0, 0, -0.314274, 20, 87, 82, 
72, 0, 0, -0.314274, 20, 87, 82, 
72, 0, 0, -0.314274, 20, 87, 82, 
72, 0, 0, -0.314274, 20, 87, 82, 
72, 0, 0, -0.314274, 20, 87, 82, 
72, 0, 0, -0.314274, 20, 87, 82, 
72, 0, 0, -0.314274, 20, 87, 82, 
72, 0, 0, -0.314274, 20, 87, 82, 
73, 0, 0, -0.314274, 20, 87, 82, 
73, 0, 0, -0.314274, 20, 87, 82, 
73, 0, 0, -0.314274, 20, 87, 82, 
73, 0, 0, -0.314274, 20, 87, 82, 
73, 0, 0, -0.314274, 20, 87, 82, 
73, 0, 0, -0.314274, 20, 87, 82, 
73, 0, 0, -0.314274, 20, 87, 82, 
73, 0, 0, -0.314274, 20, 87, 82, 
73, 0, 0, -0.314274, 20, 87, 82, 
73, 0, 0, -0.314274, 20, 87, 82, 
74, 0, 0, -0.314274, 20, 87, 82, 
74, 0, 0, -0.314274, 20, 87, 82, 
74, 0, 0, -0.314274, 20, 87, 82, 
74, 0, 0, -0.314274, 20, 87, 82, 
74, 0, 0, -0.314274, 20, 87, 82, 
74, 0, 0, -0.314274, 20, 87, 82, 
74, 0, 0, -0.314274, 20, 87, 82, 
74, 0, 0, -0.314274, 20, 87, 82, 
74, 0, 0, -0.314274, 20, 87, 82, 
74, 0, 0, -0.314274, 20, 87, 82, 
75, 0, 0, -0.314274, 20, 87, 82, 
75, 0, 0, -0.314274, 20, 87, 82, 
75, 0, 0, -0.314274, 20, 87, 82, 
75, 0, 0, -0.314274, 20, 87, 82, 
75, 0, 0, -0.314274, 20, 87, 82, 
75, 0, 0, -0.314274, 20, 87, 82, 
75, 0, 0, -0.314274, 20, 87, 82, 
75, 0, 0, -0.314274, 20, 87, 82, 
75, 0, 0, -0.314274, 20, 87, 82, 
75, 0, 0, -0.314274, 20, 87, 82, 
76, 0, 0, -0.314274, 20, 87, 82, 
76, 0, 0, -0.314274, 20, 87, 82, 
76, 0, 0, -0.314274, 20, 87, 82, 
76, 0, 0, -0.314274, 20, 87, 82, 
76, 0, 0, -0.314274, 20, 87, 82, 
76, 0, 0, -0.314274, 20, 87, 82, 
76, 0, 0, -0.314274, 20, 87, 82, 
76, 0, 0, -0.314274, 20, 87, 82, 
76, 0, 0, -0.314274, 20, 87, 82, 
76, 0, 0, -0.314274, 20, 87, 82, 
77, 0, 0, -0.314274, 20, 87, 82, 
77, 0, 0, -0.314274, 20, 87, 82, 
77, 0, 0, -0.314274, 20, 87, 82, 
77, 0, 0, -0.314274, 20, 87, 82, 
77, 0, 0, -0.314274, 20, 87, 82, 
77, 0, 0, -0.314274, 20, 87, 82, 
77, 0, 0, -0.314274, 20, 87, 82, 
77, 0, 0, -0.314274, 20, 87, 82, 
77, 0, 0, -0.314274, 20, 87, 82, 
77, 0, 0, -0.314274, 20, 87, 82, 
78, 0, 0, -0.314274, 20, 87, 82, 
78, 0, 0, -0.314274, 20, 87, 82, 
78, 0, 0, -0.314274, 20, 87, 82, 
78, 0, 0, -0.314274, 20, 87, 82, 
78, 0, 0, -0.314274, 20, 87, 82, 
78, 0, 0, -0.314274, 20, 87, 82, 
78, 0, 0, -0.314274, 20, 87, 82, 
78, 0, 0, -0.314274, 20, 87, 82, 
78, 0, 0, -0.314274, 20, 87, 82, 
78, 0, 0, -0.314274, 20, 87, 82, 
79, 0, 0, -0.314274, 20, 87, 82, 
79, 0, 0, -0.314274, 20, 87, 82, 
79, 0, 0, -0.314274, 20, 87, 82, 
79, 0, 0, -0.314274, 20, 87, 82, 
79, 0, 0, -0.314274, 20, 87, 82, 
79, 0, 0, -0.314274, 20, 87, 82, 
79, 0, 0, -0.314274, 20, 87, 82, 
79, 0, 0, -0.314274, 20, 87, 82, 
79, 0, 0, -0.314274, 20, 87, 82, 
79, 0, 0, -0.314274, 20, 87, 82, 
80, 0, 0, -0.314274, 20, 87, 82, 
80, 0, 0, -0.314274, 20, 87, 82, 
80, 0, 0, -0.314274, 20, 87, 82, 
80, 0, 0, -0.314274, 20, 87, 82, 
80, 0, 0, -0.314274, 20, 87, 82, 
80, 0, 0, -0.314274, 20, 87, 82, 
80, 0, 0, -0.314274, 20, 87, 82, 
80, 0, 0, -0.314274, 20, 87, 82, 
80, 0, 0, -0.314274, 20, 87, 82, 
80, 0, 0, -0.314274, 20, 87, 82, 
81, 0, 0, -0.314274, 20, 87, 82, 
81, 0, 0, -0.314274, 20, 87, 82, 
81, 0, 0, -0.314274, 20, 87, 82, 
81, 0, 0, -0.314274, 20, 87, 82, 
81, 0, 0, -0.314274, 20, 87, 82, 
81, 0, 0, -0.314274, 20, 87, 82, 
81, 0, 0, -0.314274, 20, 87, 82, 
81, 0, 0, -0.314274, 20, 87, 82, 
81, 0, 0, -0.314274, 20, 87, 82, 
81, 0, 0, -0.314274, 20, 87, 82, 
82, 0, 0, -0.314274, 20, 87, 82, 
82, 0, 0, -0.314274, 20, 87, 82, 
82, 0, 0, -0.314274, 20, 87, 82, 
82, 0, 0, -0.314274, 20, 87, 82, 
82, 0, 0, -0.314274, 20, 87, 82, 
82, 0, 0, -0.314274, 20, 87, 82, 
82, 0, 0, -0.314274, 20, 87, 82, 
82, 0, 0, -0.314274, 20, 87, 82, 
82, 0, 0, -0.314274, 20, 87, 82, 
82, 0, 0, -0.314274, 20, 87, 82, 
83, 0, 0, -0.314274, 20, 87, 82, 
83, 0, 0, -0.314274, 20, 87, 82, 
83, 0, 0, -0.314274, 20, 87, 82, 
83, 0, 0, -0.314274, 20, 87, 82, 
83, 0, 0, -0.314274, 20, 87, 82, 
83, 0, 0, -0.314274, 20, 87, 82, 
83, 0, 0, -0.314274, 20, 87, 82, 
83, 0, 0, -0.314274, 20, 87, 82, 
83, 0, 0, -0.314274, 20, 87, 82, 
83, 0, 0, -0.314274, 20, 87, 82, 
84, 0, 0, -0.314274, 20, 87, 82, 
84, 0, 0, -0.314274, 20, 87, 82, 
84, 0, 0, -0.314274, 20, 87, 82, 
84, 0, 0, -0.314274, 20, 87, 82, 
84, 0, 0, -0.314274, 20, 87, 82, 
84, 0, 0, -0.314274, 20, 87, 82, 
84, 0, 0, -0.314274, 20, 87, 82, 
84, 0, 0, -0.314274, 20, 87, 82, 
84, 0, 0, -0.314274, 20, 87, 82, 
84, 0, 0, -0.314274, 20, 87, 82, 
85, 0, 0, -0.314274, 20, 87, 82, 
85, 0, 0, -0.314274, 20, 87, 82, 
85, 0, 0, -0.314274, 20, 87, 82, 
85, 0, 0, -0.314274, 20, 87, 82, 
85, 0, 0, -0.314274, 20, 87, 82, 
85, 0, 0, -0.314274, 20, 87, 82, 
85, 0, 0, -0.314274, 20, 87, 82, 
85, 0, 0, -0.314274, 20, 87, 82, 
85, 0, 0, -0.314274, 20, 87, 82, 
85, 0, 0, -0.314274, 20, 87, 82, 
86, 0, 0, -0.314274, 20, 87, 82, 
86, 0, 0, -0.314274, 20, 87, 82, 
86, 0, 0, -0.314274, 20, 87, 82, 
86, 0, 0, -0.314274, 20, 87, 82, 
86, 0, 0, -0.314274, 20, 87, 82, 
86, 0, 0, -0.314274, 20, 87, 82, 
86, 0, 0, -0.314274, 20, 87, 82, 
86, 0, 0, -0.314274, 20, 87, 82, 
86, 0, 0, -0.314274, 20, 87, 82, 
86, 0, 0, -0.314274, 20, 87, 82, 
87, 0, 0, -0.314274, 20, 87, 82, 
87, 0, 0, -0.314274, 20, 87, 82, 
87, 0, 0, -0.314274, 20, 87, 82, 
87, 0, 0, -0.314274, 20, 87, 82, 
87, 0, 0, -0.314274, 20, 87, 82, 
87, 0, 0, -0.314274, 20, 87, 82, 
87, 0, 0, -0.314274, 20, 87, 82, 
87, 0, 0, -0.314274, 20, 87, 82, 
87, 0, 0, -0.314274, 20, 87, 82, 
87, 0, 0, -0.314274, 20, 87, 82, 
88, 0, 0, -0.314274, 20, 87, 82, 
88, 0, 0, -0.314274, 20, 87, 82, 
88, 0, 0, -0.314274, 20, 87, 82, 
88, 0, 0, -0.314274, 20, 87, 82, 
88, 0, 0, -0.314274, 20, 87, 82, 
88, 0, 0, -0.314274, 20, 87, 82, 
88, 0, 0, -0.314274, 20, 87, 82, 
88, 0, 0, -0.314274, 20, 87, 82, 
88, 0, 0, -0.314274, 20, 87, 82, 
88, 0, 0, -0.314274, 20, 87, 82, 
89, 0, 0, -0.314274, 20, 87, 82, 
89, 0, 0, -0.314274, 20, 87, 82, 
89, 0, 0, -0.314274, 20, 87, 82, 
89, 0, 0, -0.314274, 20, 87, 82, 
89, 0, 0, -0.314274, 20, 87, 82, 
89, 0, 0, -0.314274, 20, 87, 82, 
89, 0, 0, -0.314274, 20, 87, 82, 
89, 0, 0, -0.314274, 20, 87, 82, 
89, 0, 0, -0.314274, 20, 87, 82, 
89, 0, 0, -0.314274, 20, 87, 82, 
90, 0, 0, -0.314274, 20, 87, 82, 
90, 0, 0, -0.314274, 20, 87, 82, 
90, 0, 0, -0.314274, 20, 87, 82, 
90, 0, 0, -0.314274, 20, 87, 82, 
90, 0, 0, -0.314274, 20, 87, 82, 
90, 0, 0, -0.314274, 20, 87, 82, 
90, 0, 0, -0.314274, 20, 87, 82, 
90, 0, 0, -0.314274, 20, 87, 82, 
90, 0, 0, -0.314274, 20, 87, 82, 
90, 0, 0, -0.314274, 20, 87, 82, 
91, 0, 0, -0.314274, 20, 87, 82, 
91, 0, 0, -0.314274, 20, 87, 82, 
91, 0, 0, -0.314274, 20, 87, 82, 
91, 0, 0, -0.314274, 20, 87, 82, 
91, 0, 0, -0.314274, 20, 87, 82, 
91, 0, 0, -0.314274, 20, 87, 82, 
91, 0, 0, -0.314274, 20, 87, 82, 
91, 0, 0, -0.314274, 20, 87, 82, 
91, 0, 0, -0.314274, 20, 87, 82, 
91, 0, 0, -0.314274, 20, 87, 82, 
92, 0, 0, -0.314274, 20, 87, 82, 
92, 0, 0, -0.314274, 20, 87, 82, 
92, 0, 0, -0.314274, 20, 87, 82, 
92, 0, 0, -0.314274, 20, 87, 82, 
92, 0, 0, -0.314274, 20, 87, 82, 
92, 0, 0, -0.314274, 20, 87, 82, 
92, 0, 0, -0.314274, 20, 87, 82, 
92, 0, 0, -0.314274, 20, 87, 82, 
92, 0, 0, -0.314274, 20, 87, 82, 
92, 0, 0, -0.314274, 20, 87, 82, 
93, 0, 0, -0.314274, 20, 87, 82, 
93, 0, 0, -0.314274, 20, 87, 82, 
93, 0, 0, -0.314274, 20, 87, 82, 
93, 0, 0, -0.314274, 20, 87, 82, 
93, 0, 0, -0.314274, 20, 87, 82, 
93, 0, 0, -0.314274, 20, 87, 82, 
93, 0, 0, -0.314274, 20, 87, 82, 
93, 0, 0, -0.314274, 20, 87, 82, 
93, 0, 0, -0.314274, 20, 87, 82, 
93, 0, 0, -0.314274, 20, 87, 82, 
94, 0, 0, -0.314274, 20, 87, 82, 
94, 0, 0, -0.314274, 20, 87, 82, 
94, 0, 0, -0.314274, 20, 87, 82, 
94, 0, 0, -0.314274, 20, 87, 82, 
94, 0, 0, -0.314274, 20, 87, 82, 
94, 0, 0, -0.314274, 20, 87, 82, 
94, 0, 0, -0.314274, 20, 87, 82, 
94, 0, 0, -0.314274, 20, 87, 82, 
94, 0, 0, -0.314274, 20, 87, 82, 
94, 0, 0, -0.314274, 20, 87, 82, 
95, 0, 0, -0.314274, 20, 87, 82, 
95, 0, 0, -0.314274, 20, 87, 82, 
95, 0, 0, -0.314274, 20, 87, 82, 
95, 0, 0, -0.314274, 20, 87, 82, 
95, 0, 0, -0.314274, 20, 87, 82, 
95, 0, 0, -0.314274, 20, 87, 82, 
95, 0, 0, -0.314274, 20, 87, 82, 
95, 0, 0, -0.314274, 20, 87, 82, 
95, 0, 0, -0.314274, 20, 87, 82, 
95, 0, 0, -0.314274, 20, 87, 82, 
96, 0, 0, -0.314274, 20, 87, 82, 
96, 0, 0, -0.314274, 20, 87, 82, 
96, 0, 0, -0.314274, 20, 87, 82, 
96, 0, 0, -0.314274, 20, 87, 82, 
96, 0, 0, -0.314274, 20, 87, 82, 
96, 0, 0, -0.314274, 20, 87, 82, 
96, 0, 0, -0.314274, 20, 87, 82, 
96, 0, 0, -0.314274, 20, 87, 82, 
96, 0, 0, -0.314274, 20, 87, 82, 
96, 0, 0, -0.314274, 20, 87, 82, 
97, 0, 0, -0.314274, 20, 87, 82, 
97, 0, 0, -0.314274, 20, 87, 82, 
97, 0, 0, -0.314274, 20, 87, 82, 
97, 0, 0, -0.314274, 20, 87, 82, 
97, 0, 0, -0.314274, 20, 87, 82, 
97, 0, 0, -0.314274, 20, 87, 82, 
97, 0, 0, -0.314274, 20, 87, 82, 
97, 0, 0, -0.314274, 20, 87, 82, 
97, 0, 0, -0.314274, 20, 87, 82, 
97, 0, 0, -0.314274, 20, 87, 82, 
98, 0, 0, -0.314274, 20, 87, 82, 
98, 0, 0, -0.314274, 20, 87, 82, 
98, 0, 0, -0.314274, 20, 87, 82, 
98, 0, 0, -0.314274, 20, 87, 82, 
98, 0, 0, -0.314274, 20, 87, 82, 
98, 0, 0, -0.314274, 20, 87, 82, 
98, 0, 0, -0.314274, 20, 87, 82, 
98, 0, 0, -0.314274, 20, 87, 82, 
98, 0, 0, -0.314274, 20, 87, 82, 
98, 0, 0, -0.314274, 20, 87, 82, 
99, 0, 0, -0.314274, 20, 87, 82, 
99, 0, 0, -0.314274, 20, 87, 82, 
99, 0, 0, -0.314274, 20, 87, 82, 
99, 0, 0, -0.314274, 20, 87, 82, 
99, 0, 0, -0.314274, 20, 87, 82, 
99, 0, 0, -0.314274, 20, 87, 82, 
99, 0, 0, -0.314274, 20, 87, 82, 
99, 0, 0, -0.314274, 20, 87, 82, 
99, 0, 0, -0.314274, 20, 87, 82, 
99, 0, 0, -0.314274, 20, 87, 82, 
100, 0, 0, -0.314274, 20, 87, 82, 
100, 0, 0, -0.314274, 20, 87, 82, 
100, 0, 0, -0.314274, 20, 87, 82, 
100, 0, 0, -0.314274, 20, 87, 82, 
100, 0, 0, -0.314274, 20, 87, 82, 
100, 0, 0, -0.314274, 20, 87, 82, 
100, 0, 0, -0.314274, 20, 87, 82, 
100, 0, 0, -0.314274, 20, 87, 82, 
100, 0, 0, -0.314274, 20, 87, 82, 
100, 0, 0, -0.314274, 20, 87, 82, 
