0.0 0.0
2.00719176811e-06 0.000558191459671
6.02157530432e-06 0.000837287189506
1.10395547246e-05 0.00111638291934
1.80647259129e-05 0.00139547864918
3.21150682897e-05 0.00167457437901
0.000112402739014 0.00307005302819
0.000130467464927 0.00334914875802
0.000151542978492 0.00362824448786
0.000303085956984 0.00530281886687
0.000331186641737 0.00558191459671
0.000360290922375 0.00586101032654
0.000520866263823 0.00725648897572
0.000593125167475 0.00781468043539
0.00133076814225 0.0125593078426
0.00147829673721 0.0133965950321
0.00153449810672 0.0136756907619
0.00159170307211 0.0139547864918
0.00189679622086 0.0153502651409
0.00196704793274 0.0156293608708
0.00211658371947 0.0161875523304
0.00228117344445 0.0167457437901
0.0024477703612 0.0173039352498
0.00253407960723 0.0175830309796
0.00345939501233 0.020373988278
0.00611189893388 0.0281886687134
0.00676222906675 0.0298632430924
0.00699506331185 0.0304214345521
0.00712151639324 0.0307005302819
0.0267739309948 0.071169411108
0.0270479126711 0.0717276025677
0.0323388701718 0.0823332403014
0.0334789550961 0.0845660061401
0.0352412694685 0.0879151548981
0.089594015357 0.188947809099
0.0897525835067 0.189226904828
0.0900707234019 0.189785096288
0.0902393275105 0.190064192018
0.100944684806 0.207368127268
0.101135368024 0.207647222997
0.101347126755 0.207926318727
0.101560892678 0.208205414457
0.108694452222 0.217415573542
0.112699803396 0.222439296679
0.114712013143 0.224951158247
0.115859123239 0.226346636896
0.116094968271 0.226625732626
0.116338842071 0.226904828356
0.117072470662 0.227742115546
0.117351470318 0.228021211275
0.421544393562 0.531398269606
0.422952438587 0.532793748256
0.424095534299 0.533910131175
0.72065008927 0.816634105498
0.725091001057 0.820820541446
0.725706205334 0.821378732905
0.726032373996 0.821657828635
0.77663367847 0.86463857103
0.77696285792 0.86491766676
0.779360448487 0.866871336869
0.780494511836 0.867708624058
0.786649565393 0.872174155735
0.840781520187 0.910968462183
0.84745442922 0.91571308959
0.855377818724 0.921295004186
0.856582133785 0.922132291376
0.869227441924 0.930784259001
0.882650536874 0.939715322356
0.889553269364 0.944180854033
0.911620335663 0.958414736255
0.970679946247 0.993022606754
0.972155232197 0.993859893944
0.973948658042 0.994697181133
0.977694077881 0.996371755512
0.978319318117 0.996650851242
0.980924653032 0.997767234161
0.982496284186 0.998325425621
0.983418588804 0.998604521351
0.986190520635 0.99944180854
0.987340641519 0.99972090427
0.988507823532 1.0
1.0 1.0
