0.0 0.0
0.0 0.00055617352614
4.01443591154e-06 0.00111234705228
1.80649616019e-05 0.00166852057842
8.22959361865e-05 0.00389321468298
0.000100360897788 0.00444938820912
0.000124447513258 0.00500556173526
0.000180649616019 0.00611790878754
0.000210757885356 0.00667408231368
0.0003131260011 0.0083426028921
0.000463667347783 0.0105672969967
0.0005218766685 0.0111234705228
0.000650338617669 0.0122358175751
0.000722598464077 0.0127919911012
0.00079686552844 0.0133481646274
0.000967479054681 0.0144605116796
0.00172620744196 0.0177975528365
0.00203331178919 0.0189098998888
0.00236048831598 0.020022246941
0.00252508018836 0.0205784204672
0.00342029939663 0.0233592880979
0.00360094901265 0.023915461624
0.00472499106788 0.0266963292547
0.00495582113279 0.0272525027809
0.00519066563362 0.027808676307
0.00542952457035 0.0283648498331
0.00808507392584 0.0344827586207
0.0098293463294 0.0383759733037
0.0151846038354 0.0494994438265
0.0154555782594 0.0500556173526
0.0353149927138 0.0906562847608
0.0356020248815 0.091212458287
0.0367662112958 0.0934371523915
0.0909992332427 0.192992213571
0.0950437774236 0.20022246941
0.0953789828222 0.200778642937
0.106041324603 0.218020022247
0.108454000586 0.22191323693
0.112867872871 0.228031145717
0.114919249622 0.230812013348
0.122064945544 0.239710789766
0.123516164126 0.241379310345
0.41986784477 0.535038932147
0.421001922915 0.536151279199
0.725270071176 0.826473859844
0.725882272652 0.82703003337
0.727122733349 0.828142380423
0.777413579231 0.872080088988
0.778061910631 0.872636262514
0.791006459227 0.882091212458
0.845044781033 0.921023359288
0.851999791249 0.926028921023
0.853615601704 0.927141268076
0.875480226896 0.941045606229
0.883382643988 0.946051167964
0.896712578432 0.954393770857
0.898515060156 0.955506117909
0.905142893846 0.959399332592
0.964321700836 0.99276974416
0.970403571242 0.996106785317
0.971559728785 0.996662958843
0.975285125311 0.998331479422
0.977908559179 0.999443826474
0.980706621009 1.0
1.0 1.0
